426
-0.03 0.33 -0.05 0 1.2908 -1.5808 0.0183141 1.06015 -1.25727 -0.193255 0.200755 0.189466 
-0.00774395 0.290508 -0.0667136 -0.0171425 1.28618 -1.54695 0.0255345 1.01804 -1.23919 -0.255153 0.212549 0.310002 
-0.00447132 0.258654 -0.0143531 -0.0450008 1.27101 -1.53623 0.0103547 0.999371 -1.16767 -0.29585 0.132224 0.348527 
0.000878155 0.228161 0.0378632 -0.0716847 1.25505 -1.5275 -0.00664921 0.98084 -1.0966 -0.333648 0.0516265 0.384117 
0.00349381 0.212987 0.0494785 -0.0592151 1.2278 -1.52133 -0.0015269 0.959628 -1.07979 -0.408181 0.0729516 0.488483 
0.00690497 0.198471 0.0605475 -0.046712 1.20042 -1.5114 0.00510066 0.93778 -1.0631 -0.481581 0.0978542 0.591429 
-0.000870701 0.259249 0.015296 -0.0128802 1.21334 -1.52841 0.0214658 0.920332 -1.03009 -0.545806 0.117868 0.625522 
0.00120452 0.280539 -0.0147545 -0.0269076 1.20564 -1.53799 0.0284618 0.925832 -1.03174 -0.566792 0.0984988 0.66347 
0.00306128 0.301132 -0.0436518 -0.0390549 1.1975 -1.54808 0.03523 0.931075 -1.03377 -0.586108 0.0809978 0.699473 
0.00468533 0.321076 -0.071435 -0.0494453 1.189 -1.55853 0.0418056 0.936095 -1.03614 -0.603908 0.0652351 0.733634 
0.00607175 0.340415 -0.0981464 -0.0582022 1.18022 -1.56921 0.0482148 0.940918 -1.03879 -0.620338 0.0510893 0.766052 
0.00444089 0.325649 -0.0760405 -0.0528185 1.2227 -1.552 0.0372557 0.938501 -1.03417 -0.69328 0.0601674 0.789589 
0.00347516 0.309706 -0.0542134 -0.0474646 1.26565 -1.53343 0.0264714 0.935381 -1.02988 -0.764723 0.0697976 0.81243 
0.00320072 0.292536 -0.032694 -0.0420961 1.30919 -1.51344 0.0158212 0.931593 -1.02587 -0.834674 0.0798549 0.834562 
0.00365165 0.274084 -0.0115166 -0.0366525 1.35341 -1.49199 0.00524915 0.927167 -1.02207 -0.903135 0.0902205 0.855971 
0.0048712 0.254292 0.00927753 -0.0310556 1.39845 -1.46901 -0.00531478 0.922118 -1.01844 -0.970109 0.10078 0.876639 
-0.000445201 0.291466 -0.00914757 -0.00291846 1.37076 -1.47235 0.0152492 0.902152 -0.981598 -1.02798 0.132063 0.941263 
0.00560366 0.244211 0.0239318 -0.0354619 1.3587 -1.46302 0.001557 0.922888 -1.01506 -1.06811 0.107512 1.00967 
0.0121046 0.198032 0.0565438 -0.0657164 1.34598 -1.45387 -0.0114546 0.943483 -1.04903 -1.10556 0.0859884 1.07628 
0.00286249 0.193755 0.0913328 -0.0431598 1.27434 -1.44461 0.00570777 0.945158 -1.04525 -1.09781 0.131385 1.10587 
-0.00376856 0.204883 0.103871 -0.0278969 1.25603 -1.44628 0.0107717 0.943593 -1.02906 -1.14495 0.143463 1.14683 
0.00398312 0.182573 0.107713 -0.04918 1.20967 -1.41988 0.0258405 0.957472 -1.0679 -1.13722 0.174608 1.20238 
0.00487471 0.179438 0.118183 -0.0434512 1.22235 -1.3867 0.0332161 0.956566 -1.06257 -1.22112 0.21248 1.26465 
0.0108706 0.184834 0.0960811 -0.0690694 1.20056 -1.40615 0.0331758 0.956231 -1.06269 -1.25691 0.175786 1.34205 
0.0101091 0.167994 0.114586 -0.0739833 1.20735 -1.41214 0.0209504 0.961107 -1.06581 -1.26892 0.155423 1.34718 
0.00936982 0.151961 0.132684 -0.0780761 1.21341 -1.41798 0.00924746 0.965765 -1.0687 -1.27985 0.136127 1.35146 
0.00865374 0.136687 0.150365 -0.0814616 1.21881 -1.42367 -0.00195541 0.970216 -1.07137 -1.28976 0.11782 1.35496 
0.00796277 0.122125 0.167623 -0.0842397 1.22359 -1.4292 -0.012681 0.974471 -1.07383 -1.29873 0.100428 1.35774 
0.00729945 0.10823 0.184454 -0.0864978 1.22782 -1.43455 -0.0229518 0.978536 -1.07608 -1.30682 0.0838847 1.35986 
0.00666661 0.0949613 0.200858 -0.0883124 1.23154 -1.43972 -0.0327901 0.982423 -1.07812 -1.31409 0.068128 1.36138 
0.00606711 0.0822786 0.216836 -0.0897501 1.23479 -1.44472 -0.0422173 0.986138 -1.07998 -1.32059 0.0531006 1.36236 
0.0126629 0.0459756 0.256433 -0.0802339 1.22273 -1.46317 -0.0655307 0.947951 -1.02091 -1.29133 0.0058759 1.34364 
0.023676 -0.0127275 0.305406 -0.0665674 1.28764 -1.42265 -0.0901801 0.919066 -0.987416 -1.32698 0.0157925 1.32536 
0.0363249 -0.0699702 0.351551 -0.0495801 1.35182 -1.38218 -0.114836 0.890346 -0.953933 -1.36208 0.0241016 1.30774 
0.0507284 -0.125489 0.394778 -0.029366 1.41524 -1.34131 -0.13953 0.861811 -0.920563 -1.39674 0.0306532 1.29057 
0.0670014 -0.179015 0.435008 -0.00595002 1.47778 -1.29964 -0.164298 0.833508 -0.887482 -1.43106 0.0352981 1.27366 
0.0852378 -0.230258 0.472162 0.0207004 1.53924 -1.2568 -0.189168 0.805519 -0.854944 -1.46512 0.0379006 1.25685 
0.105487 -0.278895 0.506163 0.0506556 1.59927 -1.21244 -0.214143 0.777966 -0.823277 -1.49895 0.0383589 1.24005 
0.127726 -0.32457 0.536942 0.083991 1.65741 -1.16631 -0.239185 0.751023 -0.792874 -1.53257 0.0366347 1.22319 
0.151828 -0.366906 0.564443 0.12074 1.71307 -1.11827 -0.264194 0.724906 -0.76417 -1.56594 0.0327875 1.20628 
0.177542 -0.40554 0.588639 0.160841 1.76554 -1.06831 -0.288999 0.699854 -0.737599 -1.59895 0.0270062 1.18936 
0.204489 -0.440167 0.60955 0.204083 1.81411 -1.01661 -0.31336 0.676098 -0.713534 -1.63146 0.019622 1.17253 
0.232195 -0.470605 0.627249 0.250082 1.85818 -0.963509 -0.336992 0.653824 -0.692232 -1.66326 0.0110902 1.15591 
0.260143 -0.496823 0.64187 0.298298 1.8973 -0.909479 -0.359608 0.633144 -0.6738 -1.69418 0.00193868 1.13965 
0.287833 -0.518959 0.653594 0.348088 1.93132 -0.855042 -0.380958 0.614083 -0.658193 -1.72405 -0.00730173 1.12385 
0.314835 -0.537282 0.662636 0.39878 1.96033 -0.800708 -0.400859 0.596597 -0.645244 -1.75273 -0.0161609 1.1086 
0.340812 -0.552153 0.669228 0.44974 1.98461 -0.74693 -0.419203 0.580589 -0.634712 -1.78018 -0.0242681 1.09395 
0.365521 -0.56397 0.673601 0.500411 2.00461 -0.694073 -0.43595 0.565938 -0.626327 -1.80637 -0.0313639 1.07993 
0.388802 -0.573129 0.675981 0.550341 2.02081 -0.642418 -0.451116 0.552518 -0.619815 -1.83133 -0.0372914 1.06654 
0.410561 -0.580001 0.676582 0.599174 2.03372 -0.592168 -0.46475 0.540209 -0.614921 -1.85511 -0.0419784 1.05377 
0.430753 -0.584919 0.675604 0.64665 2.04383 -0.54346 -0.476926 0.528901 -0.611416 -1.87777 -0.0454171 1.04159 
0.449372 -0.588173 0.673234 0.692587 2.05157 -0.496381 -0.487732 0.518498 -0.609097 -1.89939 -0.0476455 1.02998 
0.466435 -0.590015 0.669645 0.736867 2.05734 -0.450978 -0.497259 0.508918 -0.60779 -1.92004 -0.0487323 1.01889 
0.48198 -0.590659 0.664998 0.779422 2.06149 -0.40727 -0.505601 0.500088 -0.607342 -1.93979 -0.048765 1.00831 
0.49606 -0.590289 0.659444 0.820227 2.0643 -0.365252 -0.512851 0.491946 -0.607622 -1.95872 -0.0478409 0.998192 
0.508735 -0.589062 0.653119 0.859282 2.06602 -0.324905 -0.519097 0.484437 -0.608517 -1.97687 -0.0460618 0.988519 
0.520075 -0.587113 0.646152 0.896614 2.06688 -0.286196 -0.524425 0.477513 -0.609929 -1.99431 -0.0435284 0.979259 
0.530152 -0.584559 0.638659 0.932263 2.06704 -0.249084 -0.528915 0.471132 -0.611774 -2.0111 -0.0403381 0.97039 
0.539042 -0.581499 0.630747 0.966284 2.06665 -0.213523 -0.532643 0.465255 -0.613979 -2.02728 -0.036583 0.961887 
0.546822 -0.578022 0.622511 0.998736 2.06584 -0.179461 -0.535678 0.459849 -0.616479 -2.04289 -0.0323481 0.95373 
0.553569 -0.574203 0.614039 1.02968 2.0647 -0.146844 -0.538087 0.454881 -0.619222 -2.05797 -0.0277116 0.945902 
0.559358 -0.570109 0.605408 1.0592 2.06333 -0.115617 -0.539931 0.450322 -0.622159 -2.07256 -0.022744 0.938384 
0.564263 -0.565799 0.596687 1.08734 2.06177 -0.0857247 -0.541265 0.446148 -0.62525 -2.08668 -0.0175084 0.931162 
0.568357 -0.561325 0.587938 1.11419 2.0601 -0.0571098 -0.542144 0.442333 -0.62846 -2.10036 -0.0120609 0.924222 
0.571706 -0.556731 0.579214 1.1398 2.05834 -0.0297175 -0.542613 0.438854 -0.63176 -2.11363 -0.00645094 0.91755 
0.574377 -0.552056 0.570562 1.16425 2.05654 -0.00349354 -0.542718 0.435692 -0.635125 -2.12651 -0.000721674 0.911135 
0.57643 -0.547337 0.562021 1.18759 2.05472 0.0216148 -0.542499 0.432826 -0.638531 -2.13902 0.00508944 0.904966 
0.577924 -0.542603 0.553626 1.20988 2.05291 0.0456587 -0.541993 0.430239 -0.641962 -2.15117 0.0109501 0.899032 
0.578913 -0.53788 0.545405 1.23119 2.05111 0.0686875 -0.541233 0.427913 -0.645402 -2.16299 0.0168327 0.893324 
0.579447 -0.533193 0.537384 1.25155 2.04934 0.0907485 -0.540251 0.425833 -0.648838 -2.17448 0.0227137 0.887833 
0.579572 -0.528559 0.529582 1.27103 2.04761 0.111887 -0.539074 0.423985 -0.652258 -2.18566 0.0285733 0.88255 
0.579332 -0.523998 0.522015 1.28967 2.04592 0.132147 -0.537728 0.422353 -0.655654 -2.19655 0.0343949 0.877468 
0.578765 -0.519523 0.514696 1.30751 2.04429 0.151569 -0.536236 0.420926 -0.659019 -2.20715 0.0401648 0.872579 
0.577909 -0.515148 0.507635 1.3246 2.0427 0.170193 -0.534619 0.41969 -0.662346 -2.21748 0.0458717 0.867875 
0.576797 -0.510881 0.500837 1.34098 2.04116 0.188057 -0.532895 0.418635 -0.665631 -2.22754 0.0515065 0.863349 
0.575457 -0.506732 0.494309 1.35668 2.03967 0.205196 -0.531081 0.417749 -0.668868 -2.23735 0.0570618 0.858996 
0.573919 -0.502707 0.488053 1.37173 2.03824 0.221643 -0.529193 0.417023 -0.672056 -2.24691 0.062532 0.854808 
0.572207 -0.498813 0.482069 1.38618 2.03685 0.237432 -0.527244 0.416446 -0.675192 -2.25623 0.0679128 0.85078 
0.570343 -0.495052 0.476356 1.40005 2.03552 0.252593 -0.525247 0.41601 -0.678274 -2.26532 0.0732008 0.846905 
0.568349 -0.491429 0.470914 1.41336 2.03422 0.267154 -0.523213 0.415706 -0.6813 -2.27419 0.0783939 0.843178 
0.566241 -0.487945 0.465738 1.42615 2.03298 0.281143 -0.521151 0.415525 -0.68427 -2.28284 0.0834906 0.839593 
0.564037 -0.484602 0.460825 1.43844 2.03178 0.294586 -0.51907 0.41546 -0.687183 -2.29128 0.0884902 0.836146 
0.561752 -0.481398 0.45617 1.45025 2.03062 0.307508 -0.516978 0.415504 -0.690039 -2.29951 0.0933926 0.83283 
0.559398 -0.478335 0.451767 1.46162 2.0295 0.319933 -0.514881 0.415649 -0.692838 -2.30755 0.098198 0.829642 
0.556989 -0.475411 0.44761 1.47255 2.02841 0.331882 -0.512787 0.41589 -0.69558 -2.31539 0.102907 0.826575 
0.554534 -0.472624 0.443693 1.48306 2.02737 0.343377 -0.510699 0.416219 -0.698266 -2.32305 0.107521 0.823626 
0.552043 -0.469972 0.440008 1.49319 2.02636 0.354437 -0.508624 0.416631 -0.700896 -2.33053 0.11204 0.82079 
0.549524 -0.467454 0.436549 1.50294 2.02538 0.365083 -0.506564 0.41712 -0.70347 -2.33782 0.116467 0.818063 
0.546986 -0.465066 0.433309 1.51233 2.02444 0.375332 -0.504523 0.417681 -0.70599 -2.34495 0.120803 0.815439 
0.544433 -0.462806 0.43028 1.52138 2.02353 0.3852 -0.502505 0.41831 -0.708456 -2.3519 0.125049 0.812917 
0.541874 -0.460669 0.427455 1.5301 2.02265 0.394706 -0.500512 0.419 -0.710868 -2.3587 0.129207 0.81049 
0.539312 -0.458653 0.424826 1.53851 2.02179 0.403863 -0.498547 0.419748 -0.713229 -2.36533 0.13328 0.808156 
0.536753 -0.456755 0.422386 1.54662 2.02097 0.412688 -0.49661 0.42055 -0.715539 -2.37181 0.137268 0.805911 
0.534199 -0.45497 0.420127 1.55444 2.02017 0.421194 -0.494704 0.421401 -0.717799 -2.37814 0.141174 0.803752 
0.531656 -0.453295 0.418042 1.56199 2.01941 0.429394 -0.49283 0.422297 -0.72001 -2.38432 0.144999 0.801674 
0.529126 -0.451726 0.416124 1.56928 2.01866 0.437302 -0.49099 0.423236 -0.722172 -2.39036 0.148746 0.799674 
0.526611 -0.450259 0.414367 1.57631 2.01795 0.444929 -0.489183 0.424213 -0.724288 -2.39627 0.152416 0.79775 
0.524114 -0.448891 0.412762 1.58311 2.01726 0.452287 -0.48741 0.425225 -0.726357 -2.40203 0.156011 0.795898 
0.521638 -0.447617 0.411303 1.58967 2.01659 0.459387 -0.485672 0.426269 -0.728381 -2.40767 0.159532 0.794115 
0.519183 -0.446434 0.409984 1.59602 2.01595 0.46624 -0.48397 0.427343 -0.730362 -2.41317 0.162981 0.792398 
0.516751 -0.445339 0.408799 1.60215 2.01533 0.472855 -0.482302 0.428443 -0.732299 -2.41855 0.166361 0.790745 
0.514344 -0.444327 0.40774 1.60808 2.01473 0.479243 -0.48067 0.429567 -0.734194 -2.42381 0.169672 0.789152 
0.511962 -0.443395 0.406803 1.61382 2.01416 0.485412 -0.479073 0.430713 -0.736048 -2.42895 0.172915 0.787618 
0.509607 -0.442539 0.40598 1.61937 2.01361 0.491372 -0.477511 0.431878 -0.737862 -2.43397 0.176094 0.78614 
0.507279 -0.441756 0.405268 1.62474 2.01308 0.497129 -0.475984 0.43306 -0.739637 -2.43888 0.179208 0.784714 
0.504978 -0.441043 0.404659 1.62994 2.01257 0.502694 -0.474491 0.434257 -0.741374 -2.44369 0.18226 0.78334 
0.502706 -0.440396 0.404149 1.63498 2.01208 0.508072 -0.473032 0.435467 -0.743073 -2.44838 0.185251 0.782015 
0.500463 -0.439812 0.403733 1.63985 2.01162 0.513271 -0.471607 0.436688 -0.744736 -2.45297 0.188182 0.780736 
0.498248 -0.439289 0.403406 1.64458 2.01117 0.518299 -0.470215 0.437919 -0.746363 -2.45746 0.191055 0.779503 
0.496062 -0.438822 0.403163 1.64916 2.01074 0.523162 -0.468855 0.439158 -0.747956 -2.46184 0.19387 0.778312 
0.493905 -0.438409 0.403 1.6536 2.01034 0.527866 -0.467527 0.440404 -0.749515 -2.46614 0.196629 0.777161 
0.491778 -0.438048 0.402912 1.6579 2.00995 0.532417 -0.466231 0.441654 -0.751041 -2.47033 0.199333 0.77605 
0.489679 -0.437736 0.402896 1.66208 2.00958 0.536821 -0.464965 0.442908 -0.752535 -2.47444 0.201984 0.774976 
0.487609 -0.437469 0.402947 1.66613 2.00923 0.541083 -0.463729 0.444165 -0.753997 -2.47845 0.204581 0.773938 
0.485569 -0.437247 0.403061 1.67006 2.00889 0.54521 -0.462523 0.445423 -0.755429 -2.48238 0.207128 0.772935 
0.483557 -0.437065 0.403235 1.67388 2.00858 0.549205 -0.461346 0.446681 -0.756831 -2.48622 0.209624 0.771964 
0.481574 -0.436922 0.403466 1.67758 2.00828 0.553075 -0.460197 0.447939 -0.758204 -2.48998 0.21207 0.771024 
0.479619 -0.436816 0.403749 1.68118 2.00799 0.556823 -0.459076 0.449195 -0.759548 -2.49366 0.214468 0.770114 
0.477692 -0.436744 0.404082 1.68468 2.00773 0.560453 -0.457982 0.450448 -0.760865 -2.49726 0.216818 0.769232 
0.475793 -0.436705 0.404462 1.68808 2.00748 0.563971 -0.456914 0.451697 -0.762154 -2.50078 0.219122 0.768378 
0.473922 -0.436696 0.404886 1.69138 2.00724 0.567381 -0.455871 0.452943 -0.763417 -2.50423 0.221381 0.76755 
0.472078 -0.436717 0.405351 1.69459 2.00702 0.570685 -0.454854 0.454183 -0.764655 -2.5076 0.223594 0.766747 
0.470261 -0.436764 0.405854 1.69772 2.00682 0.573889 -0.453861 0.455418 -0.765867 -2.51091 0.225764 0.765968 
0.468471 -0.436836 0.406393 1.70076 2.00663 0.576995 -0.452892 0.456646 -0.767055 -2.51414 0.227891 0.765212 
0.466707 -0.436932 0.406966 1.70371 2.00645 0.580007 -0.451947 0.457868 -0.768219 -2.5173 0.229975 0.764478 
0.46497 -0.43705 0.407569 1.70659 2.00629 0.582929 -0.451023 0.459082 -0.76936 -2.5204 0.232019 0.763764 
0.463258 -0.437189 0.408202 1.70939 2.00614 0.585764 -0.450122 0.460288 -0.770478 -2.52343 0.234021 0.763071 
0.461572 -0.437346 0.408861 1.71212 2.006 0.588514 -0.449243 0.461486 -0.771573 -2.5264 0.235985 0.762397 
0.533752 -0.438303 0.340455 1.6909 1.89963 0.669932 -0.469406 0.440276 -0.76393 -2.52345 0.267356 0.78272 
0.606491 -0.432286 0.276161 1.66472 1.79367 0.746565 -0.489943 0.422398 -0.758244 -2.52631 0.298233 0.798895 
0.678372 -0.420562 0.215953 1.63475 1.68947 0.818427 -0.510707 0.407085 -0.753574 -2.5341 0.328258 0.811988 
0.748409 -0.404398 0.159783 1.602 1.58787 0.885724 -0.531702 0.39367 -0.749179 -2.54598 0.357155 0.822923 
0.81594 -0.384936 0.107623 1.56736 1.48935 0.948705 -0.552995 0.381637 -0.744513 -2.56128 0.384731 0.832467 
0.880536 -0.363163 0.0594784 1.53157 1.39421 1.00758 -0.574654 0.370618 -0.739195 -2.57941 0.410875 0.841247 
0.941937 -0.339904 0.0153785 1.49528 1.30259 1.0625 -0.596723 0.360361 -0.732967 -2.59991 0.435548 0.849784 
0.888656 -0.302206 -0.0416867 1.51963 1.30518 1.11168 -0.554207 0.353157 -0.744608 -2.56239 0.474986 0.734424 
0.835128 -0.262549 -0.0983837 1.54188 1.30628 1.1568 -0.507985 0.348386 -0.758181 -2.52922 0.514566 0.619429 
0.78211 -0.220705 -0.154706 1.56247 1.30586 1.19722 -0.458512 0.346333 -0.7738 -2.50066 0.553943 0.505385 
0.730365 -0.176552 -0.210626 1.58189 1.30382 1.23252 -0.406387 0.347196 -0.791486 -2.47691 0.592641 0.392978 
0.6806 -0.130088 -0.266097 1.60074 1.30002 1.26256 -0.352339 0.35106 -0.811129 -2.45809 0.630077 0.282948 
0.633394 -0.0814346 -0.321051 1.6196 1.29433 1.28753 -0.297183 0.357885 -0.832477 -2.44421 0.665622 0.176022 
0.589144 -0.0308233 -0.375409 1.63904 1.28665 1.30791 -0.241752 0.367512 -0.855131 -2.43514 0.698667 0.0728382 
0.548033 0.0214392 -0.429082 1.65952 1.27695 1.3244 -0.186826 0.379696 -0.878592 -2.43063 0.728706 -0.0261093 
0.510043 0.075013 -0.481981 1.68139 1.26528 1.33783 -0.133077 0.394146 -0.902304 -2.43033 0.755381 -0.120505 
0.474992 0.129568 -0.534015 1.70484 1.25173 1.34903 -0.0810388 0.410567 -0.925716 -2.43378 0.778506 -0.21021 
0.442591 0.184812 -0.585099 1.72998 1.23645 1.35878 -0.0311087 0.428693 -0.948321 -2.44054 0.798052 -0.295235 
0.4125 0.240509 -0.635143 1.75679 1.21959 1.36776 0.0164381 0.448297 -0.96969 -2.45013 0.814113 -0.375708 
0.384372 0.296479 -0.684059 1.78521 1.20128 1.37649 0.0614213 0.469204 -0.989476 -2.46211 0.826869 -0.451834 
0.357889 0.352591 -0.731756 1.81508 1.18164 1.38539 0.103729 0.491275 -1.00742 -2.47607 0.83655 -0.523869 
0.33278 0.408755 -0.778138 1.84624 1.16075 1.39477 0.143299 0.514405 -1.02333 -2.49166 0.843403 -0.592089 
0.308827 0.464901 -0.823106 1.8785 1.13869 1.40484 0.180098 0.538505 -1.03708 -2.50856 0.847676 -0.656787 
0.316522 0.435417 -0.768195 1.90418 1.08894 1.37763 0.183418 0.521728 -1.01005 -2.51898 0.848613 -0.700698 
0.325919 0.405123 -0.714904 1.93025 1.03773 1.35006 0.185249 0.505704 -0.984118 -2.52943 0.850239 -0.743346 
0.33701 0.374148 -0.663406 1.95699 0.984861 1.32187 0.18557 0.490427 -0.959309 -2.54002 0.852415 -0.78471 
0.349798 0.342649 -0.613926 1.98469 0.930181 1.29279 0.184348 0.475906 -0.93565 -2.55089 0.854994 -0.82473 
0.364291 0.310823 -0.566746 2.01366 0.873551 1.26253 0.181545 0.462176 -0.913199 -2.56221 0.857824 -0.863287 
0.380481 0.278912 -0.522221 2.04421 0.814883 1.23078 0.177112 0.449302 -0.892052 -2.57419 0.860754 -0.900191 
0.398326 0.247224 -0.480789 2.07666 0.754175 1.19726 0.171008 0.437389 -0.872347 -2.58707 0.863631 -0.935153 
0.453578 0.220357 -0.513754 1.97071 0.666152 1.24749 0.140561 0.428057 -0.89619 -2.58908 0.875622 -0.921272 
0.511207 0.197306 -0.540671 1.85858 0.579584 1.30402 0.110223 0.420522 -0.91592 -2.58986 0.8889 -0.913324 
0.570075 0.177492 -0.560724 1.74104 0.494662 1.36676 0.0807857 0.414036 -0.931206 -2.58921 0.902613 -0.911929 
0.629021 0.160219 -0.573244 1.619 0.411509 1.43541 0.0529365 0.407809 -0.941845 -2.58666 0.915995 -0.917425 
0.686919 0.144757 -0.577724 1.49342 0.330215 1.50948 0.0272454 0.401075 -0.947762 -2.58147 0.92842 -0.92984 
0.742722 0.130423 -0.573865 1.36529 0.250865 1.58835 0.00416934 0.393152 -0.949012 -2.57267 0.939447 -0.948878 
0.795495 0.116651 -0.561625 1.23561 0.173547 1.67125 -0.0159483 0.383489 -0.945796 -2.55922 0.948842 -0.973913 
0.844438 0.103045 -0.54126 1.10534 0.0983271 1.75738 -0.0328824 0.371695 -0.938453 -2.54015 0.956592 -1.00402 
0.888894 0.0894007 -0.513325 0.975285 0.0252036 1.84589 -0.0465309 0.357554 -0.927456 -2.51469 0.962884 -1.03804 
0.928341 0.0756859 -0.478628 0.84611 -0.0459512 1.93603 -0.0569083 0.34102 -0.913372 -2.48241 0.968062 -1.07469 
0.962366 0.0620041 -0.438144 0.718242 -0.115431 2.02714 -0.064127 0.322192 -0.896819 -2.44322 0.97256 -1.11267 
0.990628 0.0485412 -0.392924 0.591896 -0.183711 2.1187 -0.0683679 0.301282 -0.878424 -2.39734 0.976822 -1.15073 
1.01282 0.0355203 -0.344022 0.467095 -0.251445 2.21034 -0.0698523 0.278582 -0.858794 -2.34523 0.981235 -1.18775 
1.02865 0.0231711 -0.292461 0.343724 -0.319446 2.30177 -0.0688212 0.254439 -0.838498 -2.28749 0.986073 -1.22269 
1.03777 0.0117159 -0.239239 0.22158 -0.388655 2.39278 -0.0655302 0.229255 -0.818074 -2.22477 0.991458 -1.25458 
1.03984 0.00136891 -0.185355 0.100437 -0.460122 2.48318 -0.0602586 0.203489 -0.798032 -2.15773 0.997327 -1.28249 
1.03444 -0.0076561 -0.131863 -0.019908 -0.534964 2.57271 -0.0533353 0.177682 -0.778872 -2.08702 1.00341 -1.30548 
1.02119 -0.0151325 -0.0799301 -0.139572 -0.614313 2.66103 -0.0451782 0.152481 -0.761093 -2.01324 1.00918 -1.32256 
0.999743 -0.0208091 -0.0308848 -0.258522 -0.699234 2.74764 -0.0363426 0.128671 -0.745194 -1.93697 1.01387 -1.33268 
0.969959 -0.0244086 0.0137698 -0.376514 -0.790591 2.83178 -0.027565 0.107182 -0.731661 -1.85878 1.01644 -1.3348 
0.932024 -0.0256452 0.0524128 -0.493043 -0.888877 2.91239 -0.0197778 0.0890685 -0.720935 -1.77926 1.01563 -1.32799 
0.886625 -0.0242757 0.0834703 -0.607347 -0.994026 2.98816 -0.0140589 0.0754202 -0.713357 -1.69905 1.01011 -1.31161 
0.835033 -0.0201771 0.105676 -0.718513 -1.10532 3.0576 -0.0114925 0.0672168 -0.70911 -1.61877 0.998598 -1.28552 
0.77902 -0.0134201 0.11834 -0.825669 -1.22143 3.11926 -0.0129626 0.0651663 -0.708177 -1.53903 0.980126 -1.25022 
0.757489 -0.010284 0.120595 -0.864325 -1.26546 3.13995 -0.0146514 0.0660516 -0.708641 -1.50966 0.971361 -1.23498 
0.761105 -0.0101911 0.129859 -0.863655 -1.26899 3.11603 -0.0123051 0.0669388 -0.709216 -1.50522 0.987142 -1.2353 
0.764872 -0.00980826 0.139413 -0.862182 -1.27286 3.09098 -0.00989759 0.0679809 -0.710062 -1.50055 1.00332 -1.23638 
0.768805 -0.00910009 0.149271 -0.859835 -1.27714 3.06471 -0.00744223 0.069192 -0.711199 -1.49563 1.01991 -1.23828 
0.772923 -0.00802714 0.159449 -0.856537 -1.28193 3.03715 -0.00495562 0.0705881 -0.712649 -1.49045 1.03692 -1.24106 
0.777247 -0.0065456 0.169963 -0.852207 -1.28733 3.0082 -0.00245837 0.0721878 -0.714434 -1.48499 1.05437 -1.24481 
0.781801 -0.00460182 0.180824 -0.84676 -1.29345 2.97776 -0 0.074015 -0.71658 -1.47925 1.07228 -1.2496 
0.786628 -0.00215171 0.192053 -0.840109 -1.30041 2.94574 0.00246942 0.0760897 -0.719107 -1.47322 1.09064 -1.25552 
0.791765 0.000869555 0.203661 -0.83216 -1.30835 2.91203 0.00482274 0.0784435 -0.722042 -1.46689 1.10948 -1.26265 
0.79726 0.00452833 0.215661 -0.822818 -1.31744 2.87652 0.00704676 0.0811111 -0.725409 -1.46028 1.12881 -1.2711 
0.803173 0.00889792 0.22806 -0.811989 -1.32783 2.8391 0.00908654 0.0841333 -0.729234 -1.45339 1.14866 -1.28094 
0.809575 0.014059 0.240864 -0.799577 -1.33973 2.79965 0.0108764 0.087559 -0.733541 -1.44624 1.16903 -1.29229 
0.81655 0.0201002 0.25407 -0.785493 -1.35334 2.75807 0.0123384 0.0914467 -0.738355 -1.43888 1.18994 -1.30522 
0.824197 0.0271175 0.267667 -0.76965 -1.36887 2.71425 0.0133806 0.0958661 -0.7437 -1.43134 1.2114 -1.31983 
0.83263 0.0352149 0.281632 -0.751978 -1.38657 2.66811 0.0138961 0.100901 -0.749599 -1.4237 1.23342 -1.33619 
0.841979 0.0445031 0.295925 -0.732418 -1.40667 2.61956 0.0137615 0.106649 -0.756074 -1.41603 1.25601 -1.35437 
0.85239 0.055098 0.310484 -0.710935 -1.42942 2.56854 0.0128375 0.113229 -0.763144 -1.40845 1.27914 -1.37439 
0.85567 0.104122 0.254078 -0.762075 -1.44264 2.56012 0.00597211 0.0789547 -0.767649 -1.34264 1.29083 -1.39745 
0.858245 0.154718 0.194165 -0.813614 -1.45593 2.5541 -0.00265188 0.0451499 -0.772556 -1.27563 1.30407 -1.42066 
0.860071 0.206807 0.130748 -0.865314 -1.46953 2.55054 -0.0131804 0.0120956 -0.777774 -1.20756 1.31891 -1.4436 
0.861108 0.260284 0.0638647 -0.916899 -1.48367 2.54945 -0.025745 -0.0199185 -0.783193 -1.13856 1.33533 -1.46582 
0.861326 0.315015 -0.00641018 -0.968074 -1.49855 2.55076 -0.0404559 -0.0506032 -0.788688 -1.06878 1.35327 -1.48686 
0.860714 0.37084 -0.0799604 -1.01853 -1.51434 2.55434 -0.0573975 -0.0796796 -0.794116 -0.998373 1.37259 -1.50629 
0.861513 0.371094 -0.077348 -1.02369 -1.51104 2.5447 -0.0580633 -0.0802974 -0.791977 -0.997923 1.37853 -1.49834 
0.862278 0.37136 -0.0747408 -1.02878 -1.50773 2.53511 -0.0587035 -0.0808978 -0.789838 -0.997436 1.38444 -1.4904 
0.86301 0.371639 -0.0721397 -1.03381 -1.50439 2.52557 -0.0593181 -0.081481 -0.787697 -0.996914 1.39032 -1.48248 
0.863708 0.371931 -0.0695455 -1.03878 -1.50103 2.51608 -0.0599072 -0.0820474 -0.785557 -0.996355 1.39617 -1.47457 
0.864373 0.372237 -0.0669591 -1.04369 -1.49766 2.50664 -0.060471 -0.0825973 -0.783415 -0.995759 1.402 -1.46668 
0.865004 0.372555 -0.0643814 -1.04853 -1.49427 2.49724 -0.0610097 -0.0831313 -0.781274 -0.995127 1.40779 -1.4588 
0.865602 0.372887 -0.0618132 -1.05331 -1.49087 2.48791 -0.0615235 -0.0836496 -0.779132 -0.994459 1.41356 -1.45094 
0.866167 0.373233 -0.0592554 -1.05802 -1.48746 2.47862 -0.0620124 -0.0841527 -0.77699 -0.993754 1.41929 -1.44309 
0.866699 0.373592 -0.0567088 -1.06267 -1.48404 2.46938 -0.0624768 -0.0846412 -0.774847 -0.993012 1.42499 -1.43527 
0.867198 0.373965 -0.0541743 -1.06726 -1.48061 2.4602 -0.0629168 -0.0851155 -0.772705 -0.992234 1.43065 -1.42746 
0.867665 0.374353 -0.0516527 -1.07179 -1.47717 2.45108 -0.0633326 -0.0855761 -0.770562 -0.99142 1.43628 -1.41966 
0.868099 0.374755 -0.0491449 -1.07625 -1.47372 2.442 -0.0637245 -0.0860236 -0.768418 -0.990569 1.44188 -1.41189 
0.868501 0.375171 -0.0466518 -1.08065 -1.47027 2.43299 -0.0640927 -0.0864586 -0.766275 -0.989681 1.44744 -1.40413 
0.868872 0.375603 -0.0441741 -1.08499 -1.46682 2.42402 -0.0644373 -0.0868816 -0.76413 -0.988757 1.45296 -1.39639 
0.86921 0.37605 -0.0417126 -1.08927 -1.46337 2.41511 -0.0647587 -0.0872933 -0.761984 -0.987797 1.45844 -1.38867 
0.869518 0.376512 -0.0392684 -1.09349 -1.45991 2.40626 -0.065057 -0.0876944 -0.759838 -0.9868 1.46389 -1.38096 
0.869794 0.37699 -0.0368421 -1.09765 -1.45646 2.39746 -0.0653325 -0.0880854 -0.757689 -0.985767 1.46929 -1.37328 
0.870039 0.377485 -0.0344347 -1.10175 -1.453 2.38872 -0.0655854 -0.0884672 -0.755539 -0.984698 1.47466 -1.36561 
0.870254 0.377996 -0.0320469 -1.10579 -1.44955 2.38003 -0.065816 -0.0888405 -0.753386 -0.983592 1.47998 -1.35797 
0.870439 0.378524 -0.0296797 -1.10977 -1.44611 2.3714 -0.0660244 -0.089206 -0.75123 -0.982451 1.48527 -1.35034 
0.870593 0.379069 -0.027334 -1.1137 -1.44267 2.36282 -0.0662109 -0.0895645 -0.749071 -0.981273 1.49051 -1.34273 
0.870718 0.379633 -0.0250106 -1.11757 -1.43923 2.3543 -0.0663757 -0.0899169 -0.746909 -0.98006 1.49571 -1.33514 
0.870814 0.380215 -0.0227104 -1.12139 -1.4358 2.34583 -0.0665189 -0.090264 -0.744741 -0.97881 1.50087 -1.32756 
0.87088 0.380816 -0.0204344 -1.12515 -1.43239 2.33742 -0.0666409 -0.0906067 -0.742569 -0.977525 1.50599 -1.32001 
0.870917 0.381437 -0.0181835 -1.12886 -1.42898 2.32906 -0.0667417 -0.0909459 -0.74039 -0.976203 1.51106 -1.31247 
0.870925 0.382078 -0.0159587 -1.13251 -1.42558 2.32075 -0.0668215 -0.0912826 -0.738205 -0.974845 1.51609 -1.30495 
0.870905 0.382741 -0.0137609 -1.13612 -1.42219 2.3125 -0.0668805 -0.0916178 -0.736012 -0.973452 1.52107 -1.29745 
0.870857 0.383425 -0.0115911 -1.13967 -1.41882 2.3043 -0.0669188 -0.0919524 -0.733811 -0.972022 1.52602 -1.28997 
0.87078 0.384131 -0.00945047 -1.14318 -1.41546 2.29615 -0.0669365 -0.0922877 -0.7316 -0.970556 1.53091 -1.2825 
0.870676 0.384861 -0.00734003 -1.14663 -1.41211 2.28805 -0.0669338 -0.0926246 -0.729379 -0.969055 1.53577 -1.27505 
0.870544 0.385616 -0.00526089 -1.15004 -1.40878 2.28001 -0.0669107 -0.0929644 -0.727146 -0.967516 1.54058 -1.26762 
0.870385 0.386396 -0.00321423 -1.1534 -1.40547 2.27201 -0.0668673 -0.0933081 -0.724901 -0.965942 1.54534 -1.2602 
0.870198 0.387202 -0.00120125 -1.15672 -1.40217 2.26406 -0.0668036 -0.0936571 -0.722641 -0.964331 1.55006 -1.2528 
0.869985 0.388036 0.000776785 -1.16 -1.39889 2.25617 -0.0667197 -0.0940127 -0.720366 -0.962684 1.55473 -1.24541 
0.869744 0.388898 0.00271856 -1.16323 -1.39564 2.24832 -0.0666154 -0.0943761 -0.718074 -0.960999 1.55936 -1.23804 
0.869476 0.389791 0.00462271 -1.16642 -1.3924 2.24051 -0.0664909 -0.0947487 -0.715764 -0.959278 1.56395 -1.23068 
0.869182 0.390715 0.00648779 -1.16958 -1.38919 2.23276 -0.0663459 -0.095132 -0.713434 -0.957519 1.56848 -1.22333 
0.868861 0.391671 0.00831229 -1.17269 -1.38599 2.22505 -0.0661805 -0.0955275 -0.711083 -0.955723 1.57298 -1.216 
0.868514 0.392662 0.0100946 -1.17577 -1.38283 2.21738 -0.0659944 -0.0959367 -0.708708 -0.953889 1.57743 -1.20868 
0.868139 0.393689 0.0118331 -1.17881 -1.37968 2.20976 -0.0657874 -0.0963612 -0.706309 -0.952017 1.58183 -1.20138 
0.867738 0.394754 0.0135261 -1.18182 -1.37657 2.20218 -0.0655595 -0.0968027 -0.703882 -0.950107 1.58619 -1.19408 
0.867311 0.395859 0.0151716 -1.18479 -1.37348 2.19465 -0.0653102 -0.097263 -0.701426 -0.948157 1.5905 -1.18679 
0.866856 0.397005 0.0167677 -1.18774 -1.37042 2.18715 -0.0650393 -0.0977437 -0.698939 -0.946169 1.59476 -1.17952 
0.866375 0.398194 0.0183124 -1.19065 -1.36739 2.17969 -0.0647464 -0.0982469 -0.696419 -0.944141 1.59899 -1.17225 
0.865867 0.39943 0.0198036 -1.19354 -1.36439 2.17228 -0.0644312 -0.0987744 -0.693863 -0.942072 1.60316 -1.16499 
0.865331 0.400714 0.0212388 -1.1964 -1.36142 2.16489 -0.0640932 -0.0993283 -0.691268 -0.939963 1.60729 -1.15774 
0.864768 0.402049 0.0226158 -1.19924 -1.35849 2.15755 -0.0637318 -0.0999107 -0.688632 -0.937812 1.61138 -1.1505 
0.864178 0.403437 0.0239319 -1.20205 -1.35559 2.15024 -0.0633466 -0.100524 -0.685953 -0.935619 1.61542 -1.14326 
0.863559 0.404882 0.0251845 -1.20485 -1.35274 2.14296 -0.0629369 -0.10117 -0.683227 -0.933383 1.61942 -1.13603 
0.862913 0.406386 0.0263707 -1.20762 -1.34991 2.13572 -0.0625021 -0.101851 -0.680451 -0.931104 1.62337 -1.12881 
0.862237 0.407953 0.0274874 -1.21038 -1.34713 2.12851 -0.0620413 -0.102571 -0.677623 -0.928781 1.62728 -1.12158 
0.861533 0.409586 0.0285315 -1.21312 -1.3444 2.12132 -0.0615538 -0.10333 -0.674738 -0.926413 1.63114 -1.11436 
0.8608 0.411288 0.0294995 -1.21584 -1.3417 2.11416 -0.0610387 -0.104133 -0.671793 -0.923998 1.63496 -1.10715 
0.860036 0.413064 0.030388 -1.21855 -1.33906 2.10703 -0.060495 -0.104982 -0.668784 -0.921537 1.63873 -1.09993 
0.859242 0.414918 0.031193 -1.22126 -1.33646 2.09993 -0.0599217 -0.10588 -0.665709 -0.919027 1.64246 -1.09271 
0.858417 0.416854 0.0319106 -1.22395 -1.33392 2.09284 -0.0593176 -0.106829 -0.662562 -0.916469 1.64614 -1.0855 
0.85756 0.418876 0.0325365 -1.22664 -1.33142 2.08578 -0.0586816 -0.107834 -0.659338 -0.913861 1.64978 -1.07828 
0.85667 0.420989 0.0330662 -1.22933 -1.32899 2.07874 -0.0580124 -0.108897 -0.656035 -0.911201 1.65338 -1.07106 
0.855747 0.423199 0.0334949 -1.23201 -1.32661 2.07171 -0.0573084 -0.110022 -0.652647 -0.908488 1.65693 -1.06384 
0.854791 0.425512 0.0338176 -1.23469 -1.3243 2.06469 -0.0565684 -0.111211 -0.649168 -0.905721 1.66044 -1.05662 
0.853799 0.427932 0.0340289 -1.23737 -1.32205 2.05769 -0.0557906 -0.11247 -0.645595 -0.902899 1.6639 -1.04939 
0.852771 0.430466 0.0341232 -1.24006 -1.31987 2.0507 -0.0549733 -0.113802 -0.64192 -0.90002 1.66732 -1.04215 
0.851706 0.43312 0.0340945 -1.24275 -1.31776 2.04372 -0.0541149 -0.115211 -0.638139 -0.897082 1.67069 -1.03491 
0.850604 0.435902 0.0339364 -1.24546 -1.31573 2.03674 -0.0532132 -0.116701 -0.634245 -0.894084 1.67402 -1.02767 
0.849462 0.438819 0.0336423 -1.24817 -1.31378 2.02976 -0.0522664 -0.118275 -0.630233 -0.891023 1.67731 -1.02041 
0.848279 0.441878 0.0332051 -1.25089 -1.31192 2.02279 -0.0512721 -0.11994 -0.626095 -0.887899 1.68055 -1.01315 
0.847055 0.445088 0.0326172 -1.25363 -1.31014 2.0158 -0.0502283 -0.121699 -0.621823 -0.884708 1.68374 -1.00588 
0.845788 0.448458 0.0318709 -1.25639 -1.30846 2.00881 -0.0491323 -0.123558 -0.617412 -0.881449 1.68689 -0.998598 
0.844476 0.451996 0.0309577 -1.25916 -1.30689 2.00181 -0.0479817 -0.12552 -0.612853 -0.87812 1.68999 -0.991307 
0.843119 0.455713 0.0298688 -1.26196 -1.30542 1.9948 -0.0467738 -0.127592 -0.608137 -0.874719 1.69305 -0.984007 
0.841714 0.45962 0.0285949 -1.26478 -1.30406 1.98776 -0.0455058 -0.129778 -0.603257 -0.871242 1.69606 -0.976696 
0.840259 0.463726 0.0271262 -1.26763 -1.30282 1.9807 -0.0441748 -0.132085 -0.598202 -0.867687 1.69903 -0.969374 
0.838754 0.468043 0.0254523 -1.2705 -1.30171 1.97361 -0.0427776 -0.134517 -0.592964 -0.864052 1.70194 -0.962041 
0.837196 0.472585 0.0235623 -1.2734 -1.30073 1.96649 -0.041311 -0.137081 -0.587532 -0.860334 1.70481 -0.954697 
0.835583 0.477364 0.0214447 -1.27634 -1.2999 1.95933 -0.0397716 -0.139782 -0.581895 -0.856529 1.70762 -0.947342 
0.833914 0.482393 0.0190872 -1.2793 -1.29921 1.95212 -0.0381561 -0.142626 -0.576043 -0.852635 1.71038 -0.939976 
0.832187 0.487688 0.0164771 -1.28231 -1.29869 1.94486 -0.0364607 -0.14562 -0.569963 -0.848649 1.7131 -0.932601 
0.830399 0.493264 0.0136011 -1.28534 -1.29834 1.93755 -0.0346817 -0.14877 -0.563643 -0.844567 1.71575 -0.925215 
0.828549 0.499138 0.0104448 -1.28842 -1.29818 1.93017 -0.0328154 -0.152083 -0.557069 -0.840385 1.71835 -0.91782 
0.826634 0.505327 0.00699357 -1.29153 -1.2982 1.92271 -0.0308576 -0.155564 -0.550228 -0.8361 1.72089 -0.910418 
0.824652 0.511848 0.00323166 -1.29467 -1.29843 1.91517 -0.0288046 -0.15922 -0.543105 -0.831709 1.72337 -0.903009 
0.822601 0.518723 -0.000857261 -1.29786 -1.29888 1.90754 -0.0266521 -0.163058 -0.535684 -0.827206 1.72578 -0.895595 
0.820479 0.525971 -0.00529036 -1.30108 -1.29957 1.89981 -0.0243961 -0.167084 -0.527948 -0.822588 1.72812 -0.888178 
0.818285 0.533613 -0.0100856 -1.30435 -1.3005 1.89197 -0.0220325 -0.171304 -0.519881 -0.817852 1.7304 -0.880761 
0.816015 0.541674 -0.0152618 -1.30764 -1.30169 1.884 -0.0195573 -0.175724 -0.511463 -0.812992 1.73259 -0.873346 
0.813667 0.550177 -0.0208387 -1.31097 -1.30317 1.8759 -0.0169665 -0.180352 -0.502676 -0.808004 1.7347 -0.865936 
0.811241 0.559148 -0.0268366 -1.31434 -1.30495 1.86765 -0.0142563 -0.185191 -0.493498 -0.802884 1.73673 -0.858535 
0.808733 0.568615 -0.0332769 -1.31772 -1.30704 1.85923 -0.0114231 -0.190247 -0.483908 -0.797627 1.73866 -0.851147 
0.806143 0.578605 -0.040182 -1.32114 -1.30947 1.85063 -0.00846371 -0.195525 -0.473882 -0.792229 1.74048 -0.843778 
0.803469 0.58915 -0.0475747 -1.32456 -1.31227 1.84183 -0.00537517 -0.201028 -0.463395 -0.786686 1.74219 -0.836433 
0.80071 0.600281 -0.0554791 -1.328 -1.31544 1.83282 -0.00215513 -0.206761 -0.452422 -0.780993 1.74379 -0.829118 
0.797864 0.612032 -0.0639197 -1.33145 -1.31903 1.82358 0.00119812 -0.212724 -0.440934 -0.775147 1.74524 -0.821841 
0.794933 0.624438 -0.072922 -1.33488 -1.32305 1.81408 0.0046855 -0.218919 -0.428903 -0.769143 1.74655 -0.81461 
0.791914 0.637538 -0.0825122 -1.3383 -1.32754 1.80429 0.00830693 -0.225345 -0.416297 -0.762978 1.7477 -0.807434 
0.788811 0.651371 -0.0927171 -1.34168 -1.33252 1.79421 0.0120611 -0.232 -0.403084 -0.756649 1.74867 -0.800325 
0.785623 0.665979 -0.103564 -1.34502 -1.33802 1.78379 0.0159453 -0.238879 -0.389227 -0.750156 1.74944 -0.793293 
0.782353 0.681405 -0.115081 -1.34828 -1.34407 1.77302 0.0199549 -0.245976 -0.37469 -0.743496 1.75 -0.786353 
0.780629 0.682923 -0.114787 -1.34471 -1.34234 1.77017 0.0273779 -0.242965 -0.374427 -0.749626 1.75533 -0.777456 
0.778859 0.684499 -0.114458 -1.34095 -1.34051 1.76723 0.0350072 -0.239822 -0.374096 -0.755916 1.76083 -0.768207 
0.777041 0.686132 -0.114089 -1.33699 -1.3386 1.76421 0.0428437 -0.236538 -0.373693 -0.762366 1.76649 -0.758591 
0.775177 0.687826 -0.113676 -1.33282 -1.33658 1.76109 0.0508876 -0.233109 -0.373211 -0.768975 1.77233 -0.748594 
0.773266 0.689582 -0.113215 -1.32843 -1.33446 1.75789 0.0591386 -0.229525 -0.372644 -0.775742 1.77834 -0.738198 
0.771309 0.6914 -0.112699 -1.3238 -1.33222 1.75459 0.0675952 -0.225778 -0.371983 -0.782663 1.78452 -0.727385 
0.769308 0.693283 -0.112125 -1.31893 -1.32987 1.7512 0.0762556 -0.221861 -0.371222 -0.789735 1.79089 -0.716139 
0.767262 0.695233 -0.111485 -1.3138 -1.32738 1.74771 0.0851166 -0.217764 -0.370352 -0.796955 1.79744 -0.704439 
0.765175 0.69725 -0.110772 -1.30838 -1.32477 1.74413 0.0941742 -0.213478 -0.369363 -0.804318 1.80418 -0.692267 
0.763047 0.699336 -0.109981 -1.30267 -1.32201 1.74044 0.103423 -0.208992 -0.368248 -0.811816 1.8111 -0.679601 
0.760881 0.701491 -0.109101 -1.29665 -1.31909 1.73664 0.112857 -0.204296 -0.366995 -0.819443 1.81821 -0.66642 
0.75868 0.703717 -0.108125 -1.29029 -1.31602 1.73274 0.122468 -0.19938 -0.365595 -0.827191 1.82552 -0.652701 
0.756447 0.706014 -0.107042 -1.28358 -1.31277 1.72873 0.132247 -0.194232 -0.364036 -0.835049 1.83301 -0.63842 
0.754186 0.708383 -0.105841 -1.27649 -1.30934 1.7246 0.142182 -0.188838 -0.362307 -0.843006 1.8407 -0.623553 
0.751901 0.710823 -0.104511 -1.26901 -1.30571 1.72036 0.152262 -0.183188 -0.360394 -0.851049 1.84857 -0.608073 
0.749598 0.713334 -0.103039 -1.26111 -1.30188 1.716 0.162471 -0.177268 -0.358285 -0.859164 1.85663 -0.591954 
0.747283 0.715916 -0.101411 -1.25275 -1.29783 1.71152 0.172793 -0.171063 -0.355966 -0.867334 1.86488 -0.575167 
0.744962 0.718567 -0.09961 -1.24393 -1.29356 1.70692 0.183208 -0.164561 -0.353421 -0.87554 1.87331 -0.557682 
0.742644 0.721285 -0.0976196 -1.2346 -1.28904 1.70218 0.193697 -0.157745 -0.350637 -0.883763 1.88192 -0.539469 
0.740338 0.724068 -0.095421 -1.22474 -1.28426 1.69731 0.204236 -0.150601 -0.347595 -0.89198 1.89069 -0.520495 
0.738052 0.726913 -0.0929932 -1.21432 -1.27922 1.69231 0.214798 -0.143113 -0.34428 -0.900166 1.89963 -0.500725 
0.735799 0.729815 -0.0903138 -1.20329 -1.27389 1.68715 0.225355 -0.135265 -0.340673 -0.908295 1.90871 -0.480125 
0.73359 0.732769 -0.0873578 -1.19164 -1.26827 1.68185 0.235877 -0.12704 -0.336756 -0.916339 1.91794 -0.458656 
0.731439 0.73577 -0.0840982 -1.17931 -1.26234 1.6764 0.246328 -0.118421 -0.332509 -0.924265 1.92729 -0.436279 
0.729362 0.738811 -0.0805052 -1.16628 -1.25609 1.67078 0.256672 -0.109391 -0.327912 -0.93204 1.93674 -0.412953 
0.727375 0.741884 -0.0765465 -1.1525 -1.24951 1.66498 0.26687 -0.0999323 -0.322944 -0.939629 1.94628 -0.388633 
0.725495 0.744978 -0.0721865 -1.13792 -1.24258 1.65901 0.276878 -0.0900265 -0.317582 -0.946995 1.95588 -0.363274 
0.723744 0.748084 -0.0673868 -1.12251 -1.23529 1.65284 0.286651 -0.0796549 -0.311804 -0.954097 1.96552 -0.336826 
0.722141 0.75119 -0.0621052 -1.10622 -1.22764 1.64646 0.296141 -0.0687986 -0.305585 -0.960896 1.97516 -0.309237 
0.720711 0.754281 -0.0562961 -1.089 -1.21961 1.63986 0.305295 -0.0574379 -0.2989 -0.967347 1.98476 -0.280451 
0.719478 0.757344 -0.0499099 -1.07079 -1.21121 1.63303 0.31406 -0.0455522 -0.291724 -0.973409 1.99429 -0.25041 
0.718471 0.760364 -0.0428927 -1.05155 -1.20242 1.62594 0.322377 -0.0331203 -0.28403 -0.979037 2.00369 -0.219048 
0.717717 0.763322 -0.0351866 -1.03122 -1.19325 1.61858 0.330185 -0.0201193 -0.275788 -0.984189 2.01291 -0.186298 
0.717249 0.766203 -0.0267285 -1.00974 -1.18371 1.61094 0.337421 -0.00652519 -0.26697 -0.988821 2.02188 -0.152085 
0.717101 0.768987 -0.0174511 -0.987057 -1.1738 1.60298 0.344016 0.00768841 -0.257544 -0.992893 2.03054 -0.11633 
0.71731 0.771658 -0.00728181 -0.963107 -1.16354 1.5947 0.349898 0.0225503 -0.247479 -0.996368 2.0388 -0.0789452 
0.717916 0.774199 0.00385706 -0.937826 -1.15294 1.58607 0.354993 0.0380926 -0.236742 -0.999214 2.04657 -0.0398381 
0.718965 0.776594 0.0160481 -0.911153 -1.14203 1.57707 0.35922 0.0543512 -0.225296 -1.0014 2.05374 0.00109304 
0.720504 0.778832 0.0293791 -0.883024 -1.13084 1.56769 0.362493 0.0713672 -0.213105 -1.00292 2.06018 0.0439582 
0.72259 0.780904 0.0439424 -0.853374 -1.11941 1.55791 0.36472 0.0891875 -0.200134 -1.00375 2.06576 0.0888761 
0.725284 0.782809 0.0598345 -0.822143 -1.10778 1.54772 0.365802 0.107866 -0.186344 -1.00391 2.07033 0.135975 
0.728659 0.784553 0.0771554 -0.78927 -1.096 1.53712 0.365629 0.127465 -0.171698 -1.00342 2.07369 0.185393 
0.732799 0.786154 0.0960066 -0.754702 -1.08415 1.5261 0.364083 0.148058 -0.156161 -1.00234 2.07564 0.237278 
0.737802 0.787645 0.11649 -0.718391 -1.07227 1.51469 0.361034 0.169727 -0.139701 -1.00073 2.07596 0.291787 
0.743785 0.789077 0.138702 -0.6803 -1.06045 1.50291 0.356335 0.192569 -0.122296 -0.998722 2.07437 0.349086 
0.750892 0.790527 0.162734 -0.640405 -1.04875 1.49079 0.349822 0.216695 -0.103932 -0.996476 2.07058 0.409347 
0.759294 0.792099 0.188659 -0.598699 -1.03725 1.47838 0.341314 0.242231 -0.0846158 -0.994216 2.06424 0.472746 
0.769201 0.793936 0.216526 -0.555203 -1.02602 1.46575 0.330607 0.269315 -0.0643826 -0.992241 2.055 0.539457 
0.780867 0.796224 0.246349 -0.509965 -1.01511 1.45301 0.317473 0.298101 -0.0433065 -0.990938 2.04243 0.609644 
0.794598 0.799196 0.278081 -0.463077 -1.00456 1.44026 0.301662 0.328744 -0.021518 -0.990806 2.0261 0.68345 
0.810755 0.803142 0.311602 -0.414685 -0.994353 1.42763 0.28291 0.361399 0.000776898 -0.992468 2.00557 0.760979 
0.858589 0.765667 0.334271 -0.353744 -1.00558 1.47854 0.256166 0.327693 0.0553678 -1.05116 2.03071 0.712266 
0.907053 0.728721 0.354234 -0.290332 -1.01533 1.52792 0.225988 0.294649 0.110485 -1.11544 2.05102 0.661862 
0.95584 0.692794 0.3713 -0.224914 -1.02397 1.57578 0.192292 0.262765 0.165903 -1.18531 2.06618 0.610745 
1.00464 0.65829 0.385343 -0.157991 -1.03197 1.62223 0.15501 0.232461 0.221346 -1.26064 2.07612 0.559913 
1.03787 0.660702 0.410806 -0.126371 -1.12017 1.63451 0.120679 0.206822 0.264767 -1.30828 2.04792 0.48965 
1.06782 0.665338 0.447601 -0.124432 -1.15693 1.59957 0.0827432 0.173047 0.307434 -1.31412 1.97318 0.498532 
1.0989 0.673037 0.482004 -0.122711 -1.19379 1.56631 0.0418944 0.141729 0.348815 -1.32411 1.89536 0.506137 
1.13078 0.683628 0.513633 -0.121755 -1.23047 1.53503 -0.00159329 0.113076 0.388384 -1.33823 1.81476 0.512518 
1.16307 0.69686 0.542179 -0.122106 -1.2667 1.50596 -0.0473844 0.0872452 0.425692 -1.35644 1.73175 0.517762 
1.19534 0.712424 0.567413 -0.124273 -1.30225 1.47923 -0.0951052 0.0643385 0.460372 -1.37865 1.64678 0.521994 
1.22717 0.729971 0.589189 -0.128697 -1.33697 1.45485 -0.144367 0.0444035 0.492138 -1.40477 1.56038 0.525361 
1.25813 0.749131 0.607433 -0.135735 -1.37073 1.4327 -0.194783 0.0274328 0.52077 -1.4347 1.47308 0.528026 
1.28784 0.769529 0.622134 -0.145647 -1.40346 1.41261 -0.24598 0.0133674 0.546098 -1.46833 1.38547 0.530147 
1.31597 0.7908 0.633328 -0.158595 -1.43514 1.39434 -0.297601 0.0021002 0.567989 -1.50556 1.2981 0.53187 
1.34226 0.812591 0.641088 -0.174645 -1.46572 1.37762 -0.349301 -0.00651879 0.586337 -1.54624 1.21152 0.533317 
1.36649 0.834572 0.645525 -0.193779 -1.49521 1.3622 -0.400745 -0.0126781 0.601069 -1.59021 1.12627 0.534585 
1.38851 0.856443 0.646773 -0.215901 -1.5236 1.34787 -0.4516 -0.0166002 0.612146 -1.63723 1.04282 0.535752 
1.39383 0.855849 0.640204 -0.21336 -1.53575 1.34535 -0.459118 -0.0274411 0.605531 -1.62661 1.03505 0.494213 
1.4351 0.837512 0.641896 -0.188864 -1.4814 1.32994 -0.516801 -0.034649 0.601891 -1.65016 0.956324 0.516205 
1.47242 0.820259 0.641017 -0.167472 -1.42526 1.31448 -0.57101 -0.037639 0.595175 -1.67206 0.880158 0.540175 
1.50595 0.804146 0.638237 -0.1488 -1.36752 1.29835 -0.621614 -0.0369842 0.585978 -1.69213 0.806596 0.566378 
1.53589 0.789208 0.634164 -0.13241 -1.30834 1.28101 -0.668558 -0.0332295 0.574881 -1.71024 0.735553 0.595022 
1.53659 0.793579 0.636797 -0.146799 -1.30516 1.25947 -0.685032 -0.0348005 0.567409 -1.69387 0.692521 0.576873 
1.53676 0.798124 0.639374 -0.16183 -1.30128 1.23759 -0.701667 -0.035515 0.55982 -1.67548 0.649088 0.557402 
1.5364 0.80285 0.641891 -0.177496 -1.29665 1.21543 -0.718462 -0.035304 0.552188 -1.65505 0.605292 0.536571 
1.53553 0.80776 0.644342 -0.193784 -1.2912 1.19307 -0.735406 -0.0340995 0.544596 -1.63256 0.561183 0.514347 
1.53415 0.812858 0.646726 -0.21067 -1.28489 1.17061 -0.75247 -0.031836 0.537131 -1.60799 0.516813 0.490706 
1.53228 0.818148 0.649038 -0.228126 -1.27768 1.14813 -0.769614 -0.028453 0.529888 -1.58136 0.472246 0.465628 
1.52992 0.82363 0.651278 -0.246112 -1.26953 1.12577 -0.786779 -0.0238974 0.522962 -1.55268 0.427548 0.439105 
1.5271 0.829302 0.653442 -0.264577 -1.26041 1.10365 -0.803891 -0.0181262 0.516454 -1.52199 0.382795 0.411135 
1.52383 0.835161 0.655529 -0.283463 -1.25032 1.08189 -0.820857 -0.0111095 0.510463 -1.48935 0.338065 0.38173 
1.52981 0.813091 0.67383 -0.272585 -1.20148 1.06614 -0.828672 0 0.501387 -1.47605 0.309504 0.407982 
1.53535 0.791091 0.69206 -0.261452 -1.15177 1.04865 -0.835922 0.0117514 0.492433 -1.46173 0.280132 0.434203 
1.54046 0.769095 0.710245 -0.249942 -1.10125 1.02937 -0.842618 0.0238507 0.4836 -1.44647 0.249908 0.460328 
1.54512 0.747021 0.728389 -0.237947 -1.04997 1.00822 -0.84877 0.0363389 0.474903 -1.43033 0.21881 0.486282 
1.54933 0.724772 0.746489 -0.225367 -0.997965 0.985152 -0.854395 0.0491616 0.466351 -1.41344 0.186829 0.511978 
1.55307 0.70224 0.764533 -0.212109 -0.945308 0.960119 -0.859515 0.0622629 0.457947 -1.3959 0.153961 0.537315 
1.55632 0.679312 0.782501 -0.198098 -0.892058 0.933076 -0.864158 0.0755868 0.449682 -1.37787 0.120219 0.562184 
1.55908 0.655865 0.800364 -0.183272 -0.838289 0.90399 -0.86836 0.0890795 0.44154 -1.35947 0.0856268 0.586461 
1.58688 0.622581 0.757304 -0.15387 -0.753608 0.936441 -0.895591 0.0616974 0.448673 -1.34934 0.0825251 0.572198 
1.58349 0.626917 0.751109 -0.138156 -0.73528 0.916256 -0.893111 0.0546025 0.460825 -1.33855 0.0805217 0.584509 
1.58008 0.631187 0.744474 -0.122174 -0.717084 0.895966 -0.890775 0.0471046 0.473097 -1.32805 0.0784679 0.596509 
1.57662 0.635418 0.737405 -0.105939 -0.699038 0.875545 -0.888581 0.0392022 0.485501 -1.31785 0.076362 0.608199 
1.57313 0.639636 0.729905 -0.089464 -0.681159 0.854969 -0.886528 0.0308936 0.498054 -1.30793 0.0742029 0.619579 
1.60089 0.633449 0.735978 -0.0580093 -0.67363 0.84501 -0.902526 0.0655267 0.463438 -1.26647 0.0542962 0.574072 
1.61295 0.636667 0.76873 -0.0425419 -0.667705 0.797065 -0.914261 0.122756 0.43012 -1.21587 -0.0103044 0.547806 
1.62363 0.640699 0.802028 -0.0260218 -0.659751 0.749513 -0.922166 0.181081 0.397934 -1.16328 -0.0741844 0.522707 
1.6197 0.609131 0.813912 -0.0319668 -0.612835 0.746132 -0.922602 0.179549 0.399068 -1.1124 -0.0947801 0.490105 
1.61553 0.576938 0.825912 -0.0369174 -0.563949 0.742241 -0.921685 0.178569 0.400666 -1.0586 -0.115238 0.456952 
1.6111 0.544078 0.837996 -0.0407746 -0.513064 0.737712 -0.919337 0.178123 0.402713 -1.00185 -0.135636 0.423157 
1.60577 0.510074 0.891636 -0.0848145 -0.487554 0.728588 -0.921637 0.232285 0.363745 -1.04346 -0.205503 0.477106 
1.60393 0.504803 0.864285 -0.126399 -0.40317 0.73853 -0.95347 0.245309 0.38019 -1.02661 -0.298088 0.464698 
1.59164 0.475893 0.875841 -0.150265 -0.34238 0.70506 -0.965507 0.259693 0.368708 -1.11421 -0.359504 0.570908 
1.60427 0.482402 0.846349 -0.143646 -0.287318 0.691983 -0.992927 0.276733 0.366815 -1.12548 -0.417284 0.584287 
1.60427 0.462267 0.832349 -0.209262 -0.234269 0.754096 -1.00509 0.274453 0.370095 -1.11695 -0.44636 0.575801 
1.59426 0.459171 0.83448 -0.233597 -0.221362 0.72853 -1.01842 0.284692 0.356159 -1.20145 -0.485956 0.655707 
1.56757 0.4581 0.819722 -0.302071 -0.171488 0.71603 -1.03664 0.28422 0.36792 -1.25782 -0.559234 0.718513 
1.5597 0.411849 0.822499 -0.311966 -0.0741461 0.672846 -1.04442 0.291009 0.353595 -1.29598 -0.62024 0.799165 
1.6063 0.435297 0.777831 -0.296801 -0.0466604 0.694205 -1.08815 0.335223 0.302169 -1.34062 -0.663135 0.816848 
1.59022 0.415646 0.753317 -0.299654 0.0251172 0.657554 -1.09741 0.302861 0.32544 -1.37009 -0.695436 0.87636 
1.58408 0.412023 0.762527 -0.282577 0.0706832 0.593153 -1.09794 0.348274 0.313797 -1.32619 -0.762318 0.851368 
1.57612 0.408337 0.770268 -0.264322 0.118721 0.527773 -1.09601 0.394441 0.302992 -1.28158 -0.829838 0.823892 
1.59864 0.426978 0.751595 -0.196739 0.105132 0.486004 -1.11605 0.416158 0.271526 -1.31026 -0.834471 0.825215 
1.62165 0.401125 0.739256 -0.124814 0.160016 0.433354 -1.12951 0.43789 0.228061 -1.32393 -0.853467 0.844692 
1.62647 0.418975 0.730585 -0.116872 0.220998 0.390921 -1.13392 0.518656 0.197369 -1.26256 -0.944132 0.792327 
1.6288 0.438998 0.72096 -0.107674 0.283927 0.351139 -1.13199 0.60044 0.166608 -1.2003 -1.03313 0.741177 
1.62837 0.461008 0.710172 -0.0970979 0.34834 0.314059 -1.12408 0.682153 0.135441 -1.13716 -1.1205 0.69158 
1.63683 0.452732 0.732454 -0.0494088 0.341267 0.291018 -1.11239 0.708298 0.109494 -1.10748 -1.11421 0.664337 
1.62989 0.490712 0.749504 -0.0638992 0.31697 0.283755 -1.09573 0.771448 0.0867053 -1.07003 -1.15524 0.627223 
1.62941 0.575295 0.725853 -0.00844744 0.240119 0.206277 -1.1135 0.829886 0.0512374 -1.10585 -1.18089 0.601426 
1.62198 0.566869 0.71395 0.0424998 0.252769 0.11231 -1.13189 0.832959 0.021812 -1.16771 -1.19754 0.632491 
1.58826 0.553038 0.694164 -0.000803938 0.306945 0.0564557 -1.14165 0.830978 0.0201247 -1.21885 -1.25618 0.666576 
1.57 0.55 0.73 0 0.2908 0.0092 -1.12171 0.868895 -0.0134552 -1.21367 -1.2759 0.661756 
