325
-0.04 0.33 -0.05 0 1.2908 -1.6208 0.00538822 0.743805 -0.445341 -0.0157073 -0.298499 0.0150128 
-0.0404278 0.304994 -0.017781 0.00135354 1.28335 -1.61451 -0.00237259 0.742359 -0.443782 -0.0180073 -0.297336 0.0175015 
-0.040762 0.280138 0.0137345 0.00271109 1.27644 -1.60813 -0.0101334 0.740913 -0.442223 -0.0203073 -0.296173 0.0199902 
-0.0409998 0.255405 0.0445918 0.0040716 1.27004 -1.60167 -0.0178942 0.739467 -0.440664 -0.0226073 -0.29501 0.0224788 
-0.0411372 0.23077 0.0748251 0.00543428 1.26416 -1.59512 -0.025655 0.738021 -0.439104 -0.0249074 -0.293847 0.0249675 
-0.0411699 0.206208 0.104465 0.00679828 1.25877 -1.58847 -0.0334158 0.736575 -0.437545 -0.0272074 -0.292684 0.0274562 
-0.0410934 0.181697 0.133538 0.00816269 1.25389 -1.58172 -0.0411767 0.73513 -0.435986 -0.0295074 -0.291521 0.0299449 
-0.0409028 0.157214 0.162069 0.00952654 1.2495 -1.57485 -0.0489375 0.733684 -0.434427 -0.0318074 -0.290358 0.0324336 
-0.0405931 0.132741 0.190079 0.0108888 1.2456 -1.56787 -0.0566983 0.732238 -0.432868 -0.0341074 -0.289195 0.0349222 
-0.0401589 0.108256 0.217586 0.0122484 1.24219 -1.56075 -0.0644591 0.730792 -0.431309 -0.0364074 -0.288032 0.0374109 
-0.0395946 0.0837423 0.244609 0.0136042 1.23928 -1.55351 -0.0722199 0.729346 -0.429749 -0.0387075 -0.286869 0.0398996 
-0.0388941 0.0591818 0.27116 0.0149549 1.23686 -1.54612 -0.0799807 0.7279 -0.42819 -0.0410075 -0.285706 0.0423883 
-0.0380511 0.0345574 0.297254 0.0162994 1.23495 -1.53857 -0.0877415 0.726454 -0.426631 -0.0433075 -0.284544 0.044877 
-0.0370588 0.0098528 0.322901 0.0176364 1.23354 -1.53087 -0.0955023 0.725008 -0.425072 -0.0456075 -0.283381 0.0473656 
-0.0359101 -0.0149478 0.348112 0.0189644 1.23263 -1.52299 -0.103263 0.723562 -0.423513 -0.0479075 -0.282218 0.0498543 
-0.0345972 -0.0398598 0.372895 0.0202822 1.23225 -1.51493 -0.111024 0.722116 -0.421954 -0.0502075 -0.281055 0.052343 
-0.0331121 -0.0648978 0.397257 0.0215882 1.23238 -1.50668 -0.118785 0.72067 -0.420394 -0.0525075 -0.279892 0.0548317 
-0.0314461 -0.0900761 0.421203 0.022881 1.23305 -1.49823 -0.126546 0.719224 -0.418835 -0.0548076 -0.278729 0.0573203 
-0.0295901 -0.115408 0.444738 0.0241592 1.23425 -1.48956 -0.134306 0.717779 -0.417276 -0.0571076 -0.277566 0.059809 
-0.0275342 -0.140908 0.467866 0.0254211 1.236 -1.48066 -0.142067 0.716333 -0.415717 -0.0594076 -0.276403 0.0622977 
-0.025268 -0.166588 0.49059 0.0266652 1.23831 -1.47152 -0.149828 0.714887 -0.414158 -0.0617076 -0.27524 0.0647864 
-0.0227804 -0.19246 0.512909 0.02789 1.24118 -1.46213 -0.157589 0.713441 -0.412599 -0.0640076 -0.274077 0.0672751 
-0.0200593 -0.218536 0.534825 0.0290938 1.24463 -1.45246 -0.16535 0.711995 -0.411039 -0.0663076 -0.272914 0.0697637 
-0.017092 -0.244826 0.556337 0.0302749 1.24867 -1.44252 -0.17311 0.710549 -0.40948 -0.0686077 -0.271751 0.0722524 
-0.013865 -0.271341 0.577443 0.0314319 1.25331 -1.43227 -0.180871 0.709103 -0.407921 -0.0709077 -0.270588 0.0747411 
-0.0103635 -0.29809 0.598142 0.032563 1.25855 -1.4217 -0.188632 0.707657 -0.406362 -0.0732077 -0.269425 0.0772298 
-0.00657186 -0.325081 0.618428 0.0336666 1.26441 -1.4108 -0.196393 0.706211 -0.404803 -0.0755077 -0.268262 0.0797185 
-0.00247335 -0.352321 0.638299 0.034741 1.2709 -1.39954 -0.204154 0.704765 -0.403244 -0.0778077 -0.267099 0.0822071 
0.00195011 -0.379817 0.657748 0.0357847 1.27803 -1.3879 -0.211915 0.703319 -0.401684 -0.0801077 -0.265936 0.0846958 
0.00671792 -0.407573 0.676771 0.0367958 1.2858 -1.37586 -0.219675 0.701874 -0.400125 -0.0824077 -0.264773 0.0871845 
0.0118509 -0.435591 0.69536 0.0377729 1.29423 -1.36341 -0.227436 0.700428 -0.398566 -0.0847078 -0.26361 0.0896732 
0.0173715 -0.463873 0.713508 0.0387141 1.30332 -1.35051 -0.235197 0.698982 -0.397007 -0.0870078 -0.262447 0.0921619 
0.0233039 -0.492418 0.731206 0.0396177 1.31308 -1.33713 -0.242958 0.697536 -0.395448 -0.0893078 -0.261284 0.0946505 
0.0338633 -0.485301 0.731198 0.0393472 1.3061 -1.32794 -0.242657 0.68419 -0.370171 -0.0885743 -0.273508 0.0931945 
0.0444226 -0.478184 0.73119 0.0390768 1.29912 -1.31875 -0.242438 0.671065 -0.345301 -0.0882746 -0.285558 0.0921544 
0.0549819 -0.471068 0.731182 0.0388063 1.29214 -1.30956 -0.242302 0.658153 -0.320812 -0.0883542 -0.297453 0.0914742 
0.0655413 -0.463951 0.731174 0.0385358 1.28516 -1.30037 -0.242251 0.645441 -0.296681 -0.0887746 -0.309203 0.0911136 
0.0761006 -0.456835 0.731165 0.0382653 1.27818 -1.29118 -0.242287 0.632921 -0.272891 -0.0895041 -0.320817 0.0910391 
0.0866599 -0.449718 0.731157 0.0379949 1.2712 -1.28199 -0.242412 0.620585 -0.249425 -0.0905169 -0.332303 0.0912231 
0.0972193 -0.442601 0.731149 0.0377244 1.26422 -1.27279 -0.242628 0.608424 -0.226267 -0.0917914 -0.34367 0.0916422 
0.107779 -0.435485 0.731141 0.0374539 1.25725 -1.2636 -0.242938 0.596433 -0.203404 -0.0933097 -0.354924 0.0922765 
0.118338 -0.428368 0.731132 0.0371835 1.25027 -1.25441 -0.243343 0.584606 -0.180825 -0.0950568 -0.366073 0.0931091 
0.128897 -0.421251 0.731124 0.036913 1.24329 -1.24522 -0.243847 0.572937 -0.158517 -0.09702 -0.377121 0.0941254 
0.139457 -0.414135 0.731116 0.0366425 1.23631 -1.23603 -0.24445 0.561422 -0.136472 -0.0991887 -0.388076 0.0953128 
0.150016 -0.407018 0.731108 0.036372 1.22933 -1.22684 -0.245156 0.550057 -0.11468 -0.101554 -0.398943 0.0966601 
0.160575 -0.399902 0.731099 0.0361016 1.22235 -1.21764 -0.245967 0.53884 -0.093134 -0.104108 -0.409726 0.0981576 
0.171135 -0.392785 0.731091 0.0358311 1.21537 -1.20845 -0.246885 0.527766 -0.071826 -0.106844 -0.42043 0.0997967 
0.181694 -0.385668 0.731083 0.0355606 1.20839 -1.19926 -0.247914 0.516834 -0.0507501 -0.109757 -0.431061 0.10157 
0.192253 -0.378552 0.731075 0.0352902 1.20141 -1.19007 -0.249054 0.506042 -0.0299005 -0.112843 -0.441622 0.10347 
0.202813 -0.371435 0.731066 0.0350197 1.19443 -1.18088 -0.25031 0.495388 -0.0092722 -0.116097 -0.452117 0.10549 
0.213372 -0.364319 0.731058 0.0347492 1.18745 -1.17169 -0.251683 0.48487 0.0111393 -0.119515 -0.46255 0.107626 
0.223931 -0.357202 0.73105 0.0344787 1.18048 -1.1625 -0.253176 0.474489 0.0313379 -0.123096 -0.472926 0.109872 
0.234491 -0.350085 0.731042 0.0342083 1.1735 -1.1533 -0.254793 0.464243 0.0513271 -0.126837 -0.483248 0.112223 
0.24505 -0.342969 0.731034 0.0339378 1.16652 -1.14411 -0.256534 0.454133 0.0711097 -0.130736 -0.493519 0.114675 
0.255609 -0.335852 0.731025 0.0336673 1.15954 -1.13492 -0.258404 0.444158 0.0906883 -0.134792 -0.503744 0.117223 
0.266169 -0.328735 0.731017 0.0333969 1.15256 -1.12573 -0.260406 0.434319 0.110065 -0.139003 -0.513924 0.119864 
0.276728 -0.321619 0.731009 0.0331264 1.14558 -1.11654 -0.262541 0.424617 0.129241 -0.143368 -0.524065 0.122593 
0.287287 -0.314502 0.731001 0.0328559 1.1386 -1.10735 -0.264812 0.415053 0.148219 -0.147887 -0.534169 0.125408 
0.297847 -0.307386 0.730992 0.0325854 1.13162 -1.09816 -0.267223 0.405627 0.166999 -0.152559 -0.544239 0.128305 
0.308406 -0.300269 0.730984 0.032315 1.12464 -1.08896 -0.269777 0.396342 0.185581 -0.157383 -0.554279 0.131281 
0.318965 -0.293152 0.730976 0.0320445 1.11766 -1.07977 -0.272476 0.3872 0.203966 -0.16236 -0.564291 0.134332 
0.329525 -0.286036 0.730968 0.031774 1.11068 -1.07058 -0.275323 0.378203 0.222154 -0.167489 -0.57428 0.137455 
0.340084 -0.278919 0.730959 0.0315036 1.1037 -1.06139 -0.278321 0.369352 0.240144 -0.172771 -0.584248 0.140648 
0.350643 -0.271803 0.730951 0.0312331 1.09673 -1.0522 -0.281473 0.360651 0.257936 -0.178205 -0.594198 0.143906 
0.361203 -0.264686 0.730943 0.0309626 1.08975 -1.04301 -0.284782 0.352103 0.275529 -0.183791 -0.604134 0.147226 
0.371762 -0.257569 0.730935 0.0306922 1.08277 -1.03382 -0.28825 0.343711 0.292922 -0.189529 -0.614058 0.150607 
0.382321 -0.250453 0.730926 0.0304217 1.07579 -1.02462 -0.291882 0.335478 0.310113 -0.19542 -0.623975 0.154043 
0.392881 -0.243336 0.730918 0.0301512 1.06881 -1.01543 -0.295678 0.327408 0.3271 -0.201465 -0.633887 0.157532 
0.40344 -0.236219 0.73091 0.0298807 1.06183 -1.00624 -0.299644 0.319506 0.343881 -0.207662 -0.643797 0.16107 
0.413999 -0.229103 0.730902 0.0296103 1.05485 -0.99705 -0.30378 0.311775 0.360455 -0.214012 -0.653709 0.164655 
0.424559 -0.221986 0.730893 0.0293398 1.04787 -0.987858 -0.30809 0.304219 0.376818 -0.220516 -0.663625 0.168281 
0.435118 -0.21487 0.730885 0.0290693 1.04089 -0.978667 -0.312578 0.296845 0.392968 -0.227173 -0.67355 0.171946 
0.445677 -0.207753 0.730877 0.0287989 1.03391 -0.969476 -0.317244 0.289656 0.408901 -0.233983 -0.683486 0.175646 
0.456237 -0.200636 0.730869 0.0285284 1.02693 -0.960284 -0.322092 0.282659 0.424614 -0.240947 -0.693436 0.179377 
0.466796 -0.19352 0.730861 0.0282579 1.01996 -0.951093 -0.327125 0.275858 0.440104 -0.248064 -0.703405 0.183133 
0.477355 -0.186403 0.730852 0.0279874 1.01298 -0.941901 -0.332344 0.26926 0.455367 -0.255333 -0.713394 0.186912 
0.487915 -0.179287 0.730844 0.027717 1.006 -0.93271 -0.337753 0.262871 0.470399 -0.262756 -0.723407 0.190709 
0.498474 -0.17217 0.730836 0.0274465 0.999018 -0.923518 -0.343352 0.256697 0.485195 -0.27033 -0.733448 0.194519 
0.509033 -0.165053 0.730828 0.027176 0.992039 -0.914327 -0.349145 0.250745 0.499751 -0.278056 -0.743519 0.198337 
0.519593 -0.157937 0.730819 0.0269056 0.98506 -0.905135 -0.355134 0.245021 0.514062 -0.285933 -0.753624 0.202158 
0.530152 -0.15082 0.730811 0.0266351 0.97808 -0.895944 -0.361313 0.23953 0.528128 -0.29395 -0.763764 0.205975 
0.540711 -0.143703 0.730803 0.0263646 0.971101 -0.886752 -0.367702 0.234288 0.54193 -0.302135 -0.773945 0.209789 
0.551271 -0.136587 0.730795 0.0260941 0.964122 -0.877561 -0.374286 0.229294 0.555476 -0.310458 -0.784167 0.213588 
0.56183 -0.12947 0.730786 0.0258237 0.957143 -0.868369 -0.38107 0.224558 0.568756 -0.318928 -0.794433 0.217368 
0.572389 -0.122354 0.730778 0.0255532 0.950164 -0.859178 -0.388057 0.220087 0.581764 -0.327543 -0.804746 0.221123 
0.582949 -0.115237 0.73077 0.0252827 0.943185 -0.849987 -0.395246 0.215891 0.594494 -0.336301 -0.815108 0.224847 
0.593508 -0.10812 0.730762 0.0250123 0.936206 -0.840795 -0.402638 0.211977 0.60694 -0.3452 -0.825521 0.228535 
0.604068 -0.101004 0.730753 0.0247418 0.929227 -0.831604 -0.410233 0.208354 0.619095 -0.354239 -0.835987 0.232179 
0.614627 -0.0938872 0.730745 0.0244713 0.922247 -0.822412 -0.418031 0.205029 0.630953 -0.363416 -0.846507 0.235773 
0.625186 -0.0867706 0.730737 0.0242008 0.915268 -0.813221 -0.426031 0.202012 0.642507 -0.372727 -0.857082 0.239311 
0.635746 -0.079654 0.730729 0.0239304 0.908289 -0.804029 -0.434233 0.19931 0.653749 -0.382171 -0.867713 0.242786 
0.646305 -0.0725374 0.730721 0.0236599 0.90131 -0.794838 -0.442636 0.196931 0.664674 -0.391745 -0.878401 0.24619 
0.656864 -0.0654207 0.730712 0.0233894 0.894331 -0.785646 -0.451237 0.194885 0.675273 -0.401447 -0.889144 0.249518 
0.667424 -0.0583041 0.730704 0.023119 0.887352 -0.776455 -0.460036 0.193179 0.685539 -0.411272 -0.899943 0.252763 
0.677983 -0.0511875 0.730696 0.0228485 0.880373 -0.767263 -0.469029 0.191822 0.695465 -0.421219 -0.910797 0.255917 
0.688542 -0.0440709 0.730688 0.022578 0.873394 -0.758072 -0.478214 0.19082 0.705044 -0.431283 -0.921703 0.258975 
0.699102 -0.0369543 0.730679 0.0223075 0.866414 -0.748881 -0.487587 0.190182 0.714267 -0.441462 -0.93266 0.261929 
0.701692 -0.0289866 0.726847 0.019262 0.857871 -0.737555 -0.482184 0.18272 0.725935 -0.425965 -0.93175 0.256056 
0.704282 -0.0210189 0.723014 0.0162165 0.849328 -0.72623 -0.476758 0.175261 0.737457 -0.410533 -0.930748 0.250274 
0.706873 -0.0130512 0.719181 0.0131709 0.840784 -0.714905 -0.47131 0.167805 0.748834 -0.395166 -0.929652 0.244576 
0.709463 -0.00508351 0.715348 0.0101254 0.832241 -0.70358 -0.465841 0.160348 0.760067 -0.379861 -0.928459 0.238956 
0.712054 0.00288418 0.711516 0.00707984 0.823698 -0.692254 -0.460355 0.152891 0.771158 -0.364616 -0.927166 0.233407 
0.714644 0.0108519 0.707683 0.0040343 0.815154 -0.680929 -0.454851 0.145433 0.782109 -0.349427 -0.925772 0.227922 
0.717234 0.0188196 0.70385 0.000988759 0.806611 -0.669604 -0.449331 0.137971 0.792921 -0.334293 -0.924274 0.222495 
0.719825 0.0267873 0.700017 -0.00205678 0.798067 -0.658279 -0.443797 0.130505 0.803596 -0.319211 -0.92267 0.217119 
0.722415 0.0347549 0.696185 -0.00510232 0.789524 -0.646953 -0.438251 0.123034 0.814135 -0.304179 -0.920959 0.211786 
0.725006 0.0427226 0.692352 -0.00814786 0.780981 -0.635628 -0.432693 0.115557 0.824539 -0.289193 -0.919138 0.206491 
0.727596 0.0506903 0.688519 -0.0111934 0.772437 -0.624303 -0.427126 0.108073 0.83481 -0.274252 -0.917208 0.201225 
0.730186 0.058658 0.684686 -0.0142389 0.763894 -0.612978 -0.42155 0.100583 0.844949 -0.259352 -0.915166 0.195982 
0.732777 0.0666257 0.680854 -0.0172845 0.755351 -0.601652 -0.415969 0.093084 0.854958 -0.244491 -0.913013 0.190754 
0.735367 0.0745934 0.677021 -0.02033 0.746807 -0.590327 -0.410382 0.0855768 0.864837 -0.229666 -0.910747 0.185536 
0.737958 0.0825611 0.673188 -0.0233756 0.738264 -0.579002 -0.404793 0.0780608 0.874589 -0.214875 -0.908369 0.180318 
0.740548 0.0905288 0.669355 -0.0264211 0.72972 -0.567677 -0.399202 0.0705357 0.884214 -0.200114 -0.905878 0.175096 
0.743138 0.0984965 0.665522 -0.0294666 0.721177 -0.556351 -0.393612 0.0630013 0.893713 -0.185382 -0.903275 0.16986 
0.745729 0.106464 0.66169 -0.0325122 0.712634 -0.545026 -0.388023 0.0554573 0.903089 -0.170674 -0.90056 0.164604 
0.748319 0.114432 0.657857 -0.0355577 0.70409 -0.533701 -0.382438 0.047904 0.912341 -0.155988 -0.897734 0.159321 
0.75091 0.1224 0.654024 -0.0386033 0.695547 -0.522376 -0.376859 0.0403412 0.921472 -0.141322 -0.894797 0.154004 
0.7535 0.130367 0.650191 -0.0416488 0.687004 -0.51105 -0.371286 0.0327693 0.930483 -0.126672 -0.891751 0.148646 
0.75609 0.138335 0.646359 -0.0446944 0.67846 -0.499725 -0.365723 0.0251886 0.939374 -0.112035 -0.888598 0.143238 
0.758681 0.146303 0.642526 -0.0477399 0.669917 -0.4884 -0.36017 0.0175996 0.948147 -0.0974089 -0.885339 0.137776 
0.761271 0.15427 0.638693 -0.0507854 0.661373 -0.477075 -0.35463 0.0100026 0.956804 -0.0827897 -0.881976 0.13225 
0.763862 0.162238 0.63486 -0.053831 0.65283 -0.465749 -0.349103 0.00239851 0.965344 -0.0681749 -0.878511 0.126655 
0.766452 0.170206 0.631028 -0.0568765 0.644287 -0.454424 -0.343593 -0.00521199 0.97377 -0.0535614 -0.874947 0.120983 
0.769042 0.178173 0.627195 -0.0599221 0.635743 -0.443099 -0.3381 -0.012828 0.982082 -0.038946 -0.871287 0.115228 
0.771633 0.186141 0.623362 -0.0629676 0.6272 -0.431774 -0.332627 -0.0204484 0.990283 -0.0243258 -0.867533 0.109382 
0.774223 0.194109 0.619529 -0.0660131 0.618657 -0.420448 -0.327175 -0.0280721 0.998372 -0.00969774 -0.863689 0.10344 
0.776814 0.202076 0.615697 -0.0690587 0.610113 -0.409123 -0.321747 -0.0356979 1.00635 0.00494126 -0.859759 0.0973934 
0.779404 0.210044 0.611864 -0.0721042 0.60157 -0.397798 -0.316343 -0.0433242 1.01422 0.0195942 -0.855746 0.0912374 
0.781994 0.218012 0.608031 -0.0751498 0.593026 -0.386473 -0.310966 -0.0509497 1.02198 0.034264 -0.851653 0.084965 
0.793712 0.225194 0.608681 -0.0720949 0.58301 -0.366856 -0.317066 -0.0587969 1.03347 0.0392704 -0.850298 0.0783836 
0.80543 0.232375 0.60933 -0.06904 0.572994 -0.347239 -0.323382 -0.0660827 1.04454 0.0440812 -0.849211 0.0718119 
0.817148 0.239557 0.60998 -0.0659851 0.562977 -0.327623 -0.329911 -0.0727796 1.05518 0.0486965 -0.848419 0.0652546 
0.828866 0.246738 0.61063 -0.0629302 0.552961 -0.308006 -0.336648 -0.0788597 1.0654 0.053117 -0.847947 0.0587165 
0.840584 0.25392 0.611279 -0.0598753 0.542945 -0.288389 -0.343587 -0.084295 1.07518 0.0573444 -0.847819 0.0522021 
0.852302 0.261102 0.611929 -0.0568205 0.532928 -0.268773 -0.350723 -0.0890575 1.08453 0.0613809 -0.848059 0.0457159 
0.864019 0.268283 0.612578 -0.0537656 0.522912 -0.249156 -0.358048 -0.0931196 1.09344 0.0652298 -0.848692 0.0392621 
0.875737 0.275465 0.613228 -0.0507107 0.512896 -0.229539 -0.365554 -0.096454 1.10189 0.0688953 -0.84974 0.0328445 
0.887455 0.282647 0.613877 -0.0476558 0.502879 -0.209923 -0.373234 -0.0990344 1.1099 0.0723827 -0.851225 0.0264665 
0.899173 0.289828 0.614527 -0.0446009 0.492863 -0.190306 -0.381078 -0.100835 1.11744 0.0756981 -0.853167 0.020131 
0.910891 0.29701 0.615177 -0.041546 0.482847 -0.170689 -0.389077 -0.101833 1.12451 0.0788492 -0.855586 0.0138403 
0.922609 0.304192 0.615826 -0.0384912 0.47283 -0.151073 -0.397219 -0.102005 1.13111 0.0818442 -0.858497 0.00759639 
0.934326 0.311373 0.616476 -0.0354363 0.462814 -0.131456 -0.405495 -0.101331 1.13723 0.084693 -0.861916 0.00140038 
0.946044 0.318555 0.617125 -0.0323814 0.452798 -0.11184 -0.413891 -0.0997929 1.14286 0.0874062 -0.865854 -0.00474707 
0.957762 0.325737 0.617775 -0.0293265 0.442781 -0.0922229 -0.422396 -0.0973756 1.148 0.0899958 -0.870321 -0.0108459 
0.96948 0.332918 0.618425 -0.0262716 0.432765 -0.0726062 -0.430996 -0.0940669 1.15264 0.0924744 -0.875323 -0.0168967 
0.981198 0.3401 0.619074 -0.0232167 0.422748 -0.0529896 -0.439679 -0.0898576 1.15676 0.094856 -0.880863 -0.0229004 
0.992916 0.347281 0.619724 -0.0201619 0.412732 -0.0333729 -0.448431 -0.0847426 1.16037 0.0971552 -0.88694 -0.0288587 
1.00463 0.354463 0.620373 -0.017107 0.402716 -0.0137563 -0.457237 -0.0787202 1.16345 0.0993872 -0.89355 -0.0347733 
1.01635 0.361645 0.621023 -0.0140521 0.392699 0.00586039 -0.466083 -0.071793 1.16601 0.101568 -0.900683 -0.0406466 
1.02807 0.368826 0.621672 -0.0109972 0.382683 0.025477 -0.474954 -0.0639678 1.16803 0.103714 -0.908329 -0.0464811 
1.03979 0.376008 0.622322 -0.00794233 0.372667 0.0450937 -0.483837 -0.0552557 1.1695 0.105843 -0.91647 -0.0522794 
1.0515 0.38319 0.622972 -0.00488744 0.36265 0.0647103 -0.492715 -0.0456721 1.17043 0.10797 -0.925085 -0.0580442 
1.06322 0.390371 0.623621 -0.00183256 0.352634 0.084327 -0.501574 -0.0352367 1.17081 0.110113 -0.934151 -0.0637782 
1.07494 0.397553 0.624271 0.00122232 0.342618 0.103944 -0.5104 -0.0239735 1.17063 0.11229 -0.943639 -0.0694841 
1.08666 0.404735 0.62492 0.00427721 0.332601 0.12356 -0.519178 -0.0119106 1.16988 0.114516 -0.953518 -0.0751643 
1.09838 0.411916 0.62557 0.00733209 0.322585 0.143177 -0.527893 0.000920436 1.16858 0.116808 -0.963753 -0.0808212 
1.11009 0.419098 0.62622 0.010387 0.312569 0.162794 -0.536533 0.0144843 1.16671 0.119182 -0.974306 -0.0864566 
1.12181 0.42628 0.626869 0.0134419 0.302552 0.18241 -0.545083 0.0287427 1.16427 0.121653 -0.985136 -0.0920724 
1.13353 0.433461 0.627519 0.0164967 0.292536 0.202027 -0.553531 0.0436549 1.16126 0.124235 -0.996203 -0.0976702 
1.14525 0.440643 0.628168 0.0195516 0.28252 0.221644 -0.561863 0.0591778 1.15768 0.126943 -1.00746 -0.103251 
1.15697 0.447825 0.628818 0.0226065 0.272503 0.24126 -0.570069 0.0752561 1.15354 0.12979 -1.01886 -0.108817 
1.15784 0.443057 0.629782 0.0189785 0.279368 0.2569 -0.559595 0.0770916 1.15014 0.154696 -1.02187 -0.118388 
1.15872 0.438289 0.630747 0.0153505 0.286233 0.27254 -0.549159 0.0791218 1.14647 0.179518 -1.02497 -0.127857 
1.1596 0.433521 0.631711 0.0117224 0.293098 0.288179 -0.538769 0.0813512 1.14252 0.204247 -1.02814 -0.137222 
1.16047 0.428753 0.632675 0.00809442 0.299963 0.303819 -0.528431 0.0837733 1.13829 0.228875 -1.0314 -0.146485 
1.16135 0.423985 0.63364 0.0044664 0.306828 0.319459 -0.518154 0.0863815 1.13379 0.253397 -1.03472 -0.155647 
1.16223 0.419217 0.634604 0.000838384 0.313693 0.335099 -0.507944 0.0891695 1.12901 0.277807 -1.03809 -0.164713 
1.1631 0.414449 0.635568 -0.00278964 0.320557 0.350738 -0.49781 0.0921305 1.12395 0.302099 -1.04152 -0.173684 
1.16398 0.409681 0.636533 -0.00641766 0.327422 0.366378 -0.487757 0.0952482 1.11862 0.32627 -1.04498 -0.18257 
1.16462 0.406291 0.635927 -0.0110538 0.333931 0.387143 -0.473329 0.0982253 1.11336 0.360462 -1.04928 -0.19546 
1.16526 0.402902 0.635321 -0.0156899 0.34044 0.407908 -0.459068 0.101516 1.1076 0.394404 -1.05372 -0.208212 
1.1659 0.399512 0.634715 -0.020326 0.346949 0.428673 -0.44499 0.105117 1.10134 0.42808 -1.05828 -0.220829 
1.16653 0.396122 0.634109 -0.0249621 0.353458 0.449438 -0.431114 0.109006 1.09459 0.461477 -1.06296 -0.233322 
1.16669 0.395309 0.632858 -0.0284907 0.356424 0.463795 -0.421216 0.111167 1.0908 0.484946 -1.06595 -0.242127 
1.16684 0.394496 0.631607 -0.0320194 0.35939 0.478152 -0.411417 0.113464 1.08678 0.50828 -1.06901 -0.250883 
1.16699 0.393683 0.630356 -0.035548 0.362356 0.492509 -0.401722 0.115904 1.08253 0.531471 -1.07214 -0.259588 
1.16714 0.392869 0.629105 -0.0390766 0.365321 0.506866 -0.392136 0.118473 1.07805 0.554517 -1.07533 -0.268247 
1.16707 0.393186 0.626627 -0.0445239 0.367936 0.52691 -0.378616 0.121604 1.07258 0.586674 -1.07952 -0.280302 
1.167 0.393502 0.624149 -0.0499712 0.37055 0.546955 -0.365314 0.124987 1.06667 0.618543 -1.08384 -0.29228 
1.16681 0.394397 0.622091 -0.0540869 0.371652 0.560955 -0.35603 0.127172 1.06286 0.640643 -1.08674 -0.300562 
1.16663 0.395291 0.620033 -0.0582026 0.372755 0.574956 -0.346857 0.12947 1.05884 0.662601 -1.0897 -0.308818 
1.16624 0.39716 0.616868 -0.0642745 0.373617 0.59447 -0.334155 0.132555 1.05346 0.692919 -1.09373 -0.320198 
1.16591 0.398747 0.614532 -0.0686661 0.373902 0.608033 -0.325415 0.134678 1.04975 0.713783 -1.0965 -0.328029 
1.16566 0.399981 0.61285 -0.0717961 0.373953 0.617436 -0.3194 0.136139 1.0472 0.728139 -1.09841 -0.333419 
1.16547 0.400897 0.611656 -0.0740035 0.37392 0.623941 -0.315261 0.137144 1.04544 0.738019 -1.09972 -0.337127 
1.16533 0.401559 0.610818 -0.0755486 0.373865 0.628435 -0.312413 0.137836 1.04423 0.744817 -1.10063 -0.339679 
1.16523 0.40203 0.610234 -0.0766244 0.373812 0.631536 -0.310453 0.138312 1.0434 0.749496 -1.10125 -0.341435 
1.16517 0.402361 0.609828 -0.0773708 0.373768 0.633674 -0.309105 0.138639 1.04283 0.752715 -1.10168 -0.342643 
1.16512 0.402592 0.609546 -0.0778873 0.373735 0.635147 -0.308177 0.138865 1.04244 0.75493 -1.10197 -0.343475 
1.16509 0.402753 0.609352 -0.0782441 0.37371 0.636162 -0.307538 0.13902 1.04216 0.756455 -1.10217 -0.344047 
1.16506 0.402864 0.609218 -0.0784903 0.373692 0.63686 -0.307099 0.139127 1.04198 0.757504 -1.10231 -0.344441 
1.16505 0.402941 0.609125 -0.0786601 0.37368 0.637341 -0.306796 0.1392 1.04185 0.758226 -1.10241 -0.344712 
1.16504 0.402994 0.609061 -0.078777 0.373671 0.637672 -0.306588 0.139251 1.04176 0.758723 -1.10248 -0.344899 
1.16503 0.403031 0.609017 -0.0788576 0.373665 0.6379 -0.306445 0.139285 1.0417 0.759064 -1.10252 -0.345027 
1.16502 0.403056 0.608987 -0.078913 0.373661 0.638057 -0.306346 0.139309 1.04166 0.7593 -1.10255 -0.345115 
1.16502 0.403073 0.608966 -0.0789512 0.373658 0.638165 -0.306278 0.139326 1.04163 0.759462 -1.10257 -0.345176 
1.16502 0.403085 0.608952 -0.0789775 0.373656 0.638239 -0.306232 0.139337 1.04161 0.759573 -1.10259 -0.345218 
1.16501 0.403094 0.608942 -0.0789956 0.373654 0.63829 -0.3062 0.139345 1.0416 0.75965 -1.1026 -0.345247 
1.16501 0.403099 0.608935 -0.079008 0.373653 0.638325 -0.306178 0.13935 1.04159 0.759702 -1.10261 -0.345266 
1.16501 0.403103 0.608931 -0.0790166 0.373652 0.63835 -0.306162 0.139354 1.04158 0.759739 -1.10261 -0.34528 
1.16501 0.403106 0.608927 -0.0790225 0.373652 0.638366 -0.306152 0.139357 1.04158 0.759764 -1.10261 -0.345289 
1.16501 0.403108 0.608925 -0.0790265 0.373652 0.638378 -0.306145 0.139358 1.04157 0.759781 -1.10262 -0.345296 
1.16501 0.403109 0.608924 -0.0790293 0.373651 0.638386 -0.30614 0.13936 1.04157 0.759793 -1.10262 -0.3453 
1.16501 0.40311 0.608923 -0.0790313 0.373651 0.638391 -0.306136 0.13936 1.04157 0.759801 -1.10262 -0.345303 
1.16501 0.40311 0.608922 -0.0790326 0.373651 0.638395 -0.306134 0.139361 1.04157 0.759806 -1.10262 -0.345305 
1.16501 0.403111 0.608921 -0.0790335 0.373651 0.638397 -0.306132 0.139361 1.04157 0.75981 -1.10262 -0.345307 
1.16501 0.403111 0.608921 -0.0790341 0.373651 0.638399 -0.306131 0.139362 1.04157 0.759813 -1.10262 -0.345308 
1.16501 0.403111 0.608921 -0.0790345 0.373651 0.6384 -0.30613 0.139362 1.04157 0.759815 -1.10262 -0.345308 
1.16501 0.403111 0.608921 -0.0790348 0.373651 0.638401 -0.30613 0.139362 1.04157 0.759816 -1.10262 -0.345309 
1.16501 0.403112 0.608921 -0.079035 0.373651 0.638402 -0.30613 0.139362 1.04157 0.759817 -1.10262 -0.345309 
1.16501 0.403112 0.608921 -0.0790352 0.373651 0.638402 -0.306129 0.139362 1.04157 0.759817 -1.10262 -0.34531 
1.16501 0.403112 0.608921 -0.0790353 0.373651 0.638403 -0.306129 0.139362 1.04157 0.759818 -1.10262 -0.34531 
1.16501 0.403106 0.60892 -0.0790343 0.373657 0.638402 -0.306129 0.139362 1.04157 0.759819 -1.10262 -0.34531 
1.1706 0.402619 0.610864 -0.0830898 0.37469 0.633804 -0.323546 0.136396 1.04813 0.724677 -1.09772 -0.328567 
1.17618 0.402132 0.612807 -0.0871454 0.375723 0.629206 -0.341227 0.133951 1.05412 0.6891 -1.09324 -0.311631 
1.18176 0.401645 0.614751 -0.0912009 0.376757 0.624608 -0.359153 0.132041 1.05954 0.653118 -1.08919 -0.294523 
1.18735 0.401158 0.616694 -0.0952564 0.37779 0.62001 -0.377305 0.130678 1.06438 0.616765 -1.0856 -0.277263 
1.19293 0.400671 0.618638 -0.099312 0.378823 0.615413 -0.39566 0.129871 1.06862 0.580078 -1.08246 -0.259879 
1.19852 0.400184 0.620582 -0.103368 0.379856 0.610815 -0.414196 0.129628 1.07225 0.543099 -1.07979 -0.242396 
1.2041 0.399697 0.622525 -0.107423 0.380889 0.606217 -0.43289 0.129955 1.07528 0.50587 -1.0776 -0.224845 
1.20968 0.39921 0.624469 -0.111479 0.381922 0.601619 -0.451716 0.130857 1.07769 0.468437 -1.07589 -0.207259 
1.21527 0.398723 0.626412 -0.115534 0.382956 0.597021 -0.470649 0.132334 1.07947 0.430847 -1.07467 -0.18967 
1.22085 0.398236 0.628356 -0.11959 0.383989 0.592423 -0.489662 0.134385 1.08063 0.393149 -1.07392 -0.172112 
1.22644 0.397749 0.630299 -0.123645 0.385022 0.587826 -0.508727 0.137007 1.08115 0.355391 -1.07364 -0.154618 
1.23202 0.397262 0.632243 -0.127701 0.386055 0.583228 -0.527819 0.140196 1.08105 0.317623 -1.07382 -0.137222 
1.23761 0.396775 0.634186 -0.131756 0.387088 0.57863 -0.546907 0.143942 1.0803 0.279894 -1.07445 -0.119957 
1.24319 0.396288 0.63613 -0.135812 0.388122 0.574032 -0.565966 0.148236 1.07893 0.24225 -1.07551 -0.102851 
1.24877 0.395801 0.638073 -0.139867 0.389155 0.569434 -0.584968 0.153066 1.07691 0.204739 -1.07698 -0.0859319 
1.25436 0.395315 0.640017 -0.143923 0.390188 0.564836 -0.603885 0.158418 1.07427 0.167404 -1.07883 -0.0692248 
1.25994 0.394828 0.641961 -0.147978 0.391221 0.560239 -0.62269 0.164275 1.07099 0.130285 -1.08105 -0.0527503 
1.26553 0.394341 0.643904 -0.152034 0.392254 0.555641 -0.641358 0.170622 1.06709 0.0934214 -1.0836 -0.0365257 
1.27111 0.393854 0.645848 -0.156089 0.393287 0.551043 -0.659864 0.177439 1.06257 0.056848 -1.08646 -0.0205642 
1.27669 0.393367 0.647791 -0.160145 0.394321 0.546445 -0.678184 0.184706 1.05744 0.0205962 -1.08959 -0.00487499 
1.28228 0.39288 0.649735 -0.164201 0.395354 0.541847 -0.696295 0.192405 1.05169 -0.0153055 -1.09296 0.0105367 
1.28786 0.392393 0.651678 -0.168256 0.396387 0.537249 -0.714175 0.200513 1.04535 -0.0508326 -1.09656 0.0256698 
1.29345 0.391906 0.653622 -0.172312 0.39742 0.532652 -0.731805 0.209011 1.03842 -0.0859635 -1.10034 0.0405268 
1.29903 0.391419 0.655565 -0.176367 0.398453 0.528054 -0.749165 0.217877 1.0309 -0.12068 -1.10429 0.0551136 
1.30462 0.390932 0.657509 -0.180423 0.399486 0.523456 -0.766238 0.227091 1.02281 -0.154968 -1.10837 0.0694393 
1.3102 0.390445 0.659452 -0.184478 0.40052 0.518858 -0.78301 0.236632 1.01415 -0.188813 -1.11256 0.0835157 
1.31578 0.389958 0.661396 -0.188534 0.401553 0.51426 -0.799464 0.24648 1.00494 -0.222208 -1.11684 0.0973569 
1.32137 0.389471 0.663339 -0.192589 0.402586 0.509663 -0.81559 0.256616 0.995194 -0.255145 -1.12119 0.110979 
1.32695 0.388984 0.665283 -0.196645 0.403619 0.505065 -0.831376 0.267022 0.984911 -0.287619 -1.12559 0.124399 
1.33254 0.388497 0.667227 -0.2007 0.404652 0.500467 -0.846812 0.277681 0.974106 -0.319626 -1.13003 0.137637 
1.33812 0.38801 0.66917 -0.204756 0.405686 0.495869 -0.861891 0.288575 0.962792 -0.351166 -1.13449 0.150711 
1.3437 0.387523 0.671114 -0.208811 0.406719 0.491271 -0.876606 0.29969 0.950978 -0.382239 -1.13896 0.16364 
1.34929 0.387036 0.673057 -0.212867 0.407752 0.486673 -0.890951 0.311011 0.938676 -0.412844 -1.14344 0.176446 
1.35487 0.386549 0.675001 -0.216923 0.408785 0.482076 -0.904924 0.322523 0.925896 -0.442986 -1.14792 0.189146 
1.36046 0.386062 0.676944 -0.220978 0.409818 0.477478 -0.91852 0.334216 0.912648 -0.472666 -1.15239 0.201761 
1.36604 0.385575 0.678888 -0.225034 0.410851 0.47288 -0.931738 0.346078 0.898944 -0.501888 -1.15686 0.214308 
1.37163 0.385088 0.680831 -0.229089 0.411885 0.468282 -0.944578 0.358098 0.884794 -0.530657 -1.16133 0.226806 
1.37721 0.384602 0.682775 -0.233145 0.412918 0.463684 -0.957041 0.370267 0.870207 -0.558977 -1.16578 0.23927 
1.38279 0.384115 0.684718 -0.2372 0.413951 0.459086 -0.969127 0.382576 0.855192 -0.586853 -1.17024 0.251717 
1.38838 0.383628 0.686662 -0.241256 0.414984 0.454489 -0.980839 0.395018 0.839759 -0.614289 -1.1747 0.26416 
1.39396 0.383141 0.688606 -0.245311 0.416017 0.449891 -0.99218 0.407587 0.823916 -0.641292 -1.17917 0.276613 
1.39955 0.382654 0.690549 -0.249367 0.417051 0.445293 -1.00315 0.420276 0.807672 -0.667865 -1.18365 0.289088 
1.40513 0.382167 0.692493 -0.253422 0.418084 0.440695 -1.01376 0.43308 0.791035 -0.694014 -1.18815 0.301595 
1.41072 0.38168 0.694436 -0.257478 0.419117 0.436097 -1.02401 0.445995 0.774012 -0.719744 -1.19268 0.314146 
1.4163 0.381193 0.69638 -0.261533 0.42015 0.431499 -1.03391 0.459017 0.756609 -0.745059 -1.19724 0.326747 
1.42188 0.380706 0.698323 -0.265589 0.421183 0.426902 -1.04346 0.472144 0.738834 -0.769965 -1.20185 0.339408 
1.42747 0.380219 0.700267 -0.269645 0.422216 0.422304 -1.05267 0.485372 0.720692 -0.794466 -1.20651 0.352134 
1.43305 0.379732 0.70221 -0.2737 0.42325 0.417706 -1.06154 0.498699 0.702188 -0.818565 -1.21123 0.364931 
1.43864 0.379245 0.704154 -0.277756 0.424283 0.413108 -1.07008 0.512125 0.683328 -0.842267 -1.21601 0.377804 
1.44422 0.378758 0.706097 -0.281811 0.425316 0.40851 -1.0783 0.525648 0.664116 -0.865576 -1.22087 0.390757 
1.4498 0.378271 0.708041 -0.285867 0.426349 0.403912 -1.08621 0.539268 0.644555 -0.888495 -1.22582 0.403794 
1.45539 0.377784 0.709984 -0.289922 0.427382 0.399315 -1.0938 0.552985 0.62465 -0.911028 -1.23085 0.416917 
1.46097 0.377297 0.711928 -0.293978 0.428415 0.394717 -1.10109 0.566799 0.604402 -0.933177 -1.23599 0.430129 
1.46656 0.37681 0.713872 -0.298033 0.429449 0.390119 -1.10809 0.580711 0.583813 -0.954945 -1.24123 0.44343 
1.47214 0.376323 0.715815 -0.302089 0.430482 0.385521 -1.1148 0.594722 0.562885 -0.976335 -1.24658 0.456823 
1.47773 0.375836 0.717759 -0.306144 0.431515 0.380923 -1.12123 0.608833 0.54162 -0.997348 -1.25205 0.470308 
1.48331 0.375349 0.719702 -0.3102 0.432548 0.376325 -1.12738 0.623047 0.520016 -1.01799 -1.25765 0.483886 
1.48889 0.374862 0.721646 -0.314255 0.433581 0.371728 -1.13326 0.637367 0.498075 -1.03826 -1.26338 0.497558 
1.49448 0.374375 0.723589 -0.318311 0.434615 0.36713 -1.13889 0.651793 0.475794 -1.05815 -1.26925 0.511325 
1.50006 0.373889 0.725533 -0.322367 0.435648 0.362532 -1.14426 0.66633 0.453173 -1.07768 -1.27526 0.525186 
1.50565 0.373402 0.727476 -0.326422 0.436681 0.357934 -1.14938 0.680981 0.430208 -1.09684 -1.28142 0.539143 
1.51123 0.372915 0.72942 -0.330478 0.437714 0.353336 -1.15427 0.69575 0.406896 -1.11563 -1.28773 0.553196 
1.51681 0.372428 0.731363 -0.334533 0.438747 0.348738 -1.15892 0.710641 0.383233 -1.13406 -1.29419 0.567346 
1.5224 0.371941 0.733307 -0.338589 0.43978 0.344141 -1.16334 0.725651 0.359216 -1.15212 -1.30081 0.581599 
1.52292 0.370762 0.734808 -0.321869 0.438242 0.324169 -1.16514 0.733822 0.346553 -1.15897 -1.30367 0.580053 
1.52344 0.369582 0.73631 -0.30515 0.436703 0.304197 -1.16693 0.741817 0.333854 -1.16593 -1.30634 0.578728 
1.52396 0.368403 0.737812 -0.28843 0.435165 0.284226 -1.16872 0.749646 0.321122 -1.173 -1.30885 0.577618 
1.52448 0.367224 0.739313 -0.271711 0.433626 0.264254 -1.1705 0.757312 0.30836 -1.18017 -1.31118 0.576719 
1.525 0.366045 0.740815 -0.254992 0.432087 0.244283 -1.17228 0.764817 0.295572 -1.18743 -1.31335 0.57603 
1.52553 0.364866 0.742316 -0.238272 0.430549 0.224311 -1.17405 0.772166 0.282761 -1.19479 -1.31537 0.575548 
1.52605 0.363687 0.743818 -0.221553 0.42901 0.20434 -1.17581 0.77936 0.269931 -1.20224 -1.31724 0.575271 
1.52657 0.362507 0.745319 -0.204833 0.427472 0.184368 -1.17756 0.786403 0.257084 -1.20978 -1.31897 0.575198 
1.52709 0.361328 0.746821 -0.188114 0.425933 0.164397 -1.17931 0.793297 0.244223 -1.21741 -1.32056 0.575326 
1.52761 0.360149 0.748322 -0.171394 0.424394 0.144425 -1.18104 0.800046 0.231351 -1.22512 -1.32202 0.575654 
1.52813 0.35897 0.749824 -0.154675 0.422856 0.124454 -1.18277 0.806653 0.218471 -1.2329 -1.32336 0.576179 
1.52865 0.357791 0.751325 -0.137956 0.421317 0.104482 -1.18448 0.81312 0.205585 -1.24077 -1.32459 0.576899 
1.52917 0.356612 0.752827 -0.121236 0.419779 0.0845107 -1.18618 0.81945 0.192696 -1.24871 -1.3257 0.577814 
1.5297 0.355432 0.754328 -0.104517 0.41824 0.0645391 -1.18786 0.825646 0.179806 -1.25672 -1.32671 0.57892 
1.53022 0.354253 0.75583 -0.0877974 0.416702 0.0445676 -1.18954 0.831712 0.166917 -1.2648 -1.32762 0.580217 
1.53074 0.353074 0.757331 -0.0710779 0.415163 0.0245961 -1.1912 0.837649 0.154031 -1.27296 -1.32844 0.581702 
1.53126 0.351895 0.758833 -0.0543585 0.413624 0.00462454 -1.19284 0.843462 0.14115 -1.28117 -1.32917 0.583374 
1.53178 0.350716 0.760334 -0.0376391 0.412086 -0.015347 -1.19447 0.849153 0.128276 -1.28946 -1.32982 0.585231 
1.5323 0.349537 0.761836 -0.0209197 0.410547 -0.0353185 -1.19608 0.854724 0.11541 -1.2978 -1.3304 0.587272 
1.53282 0.348357 0.763337 -0.00420025 0.409009 -0.0552901 -1.19768 0.86018 0.102555 -1.30621 -1.33091 0.589494 
1.53334 0.347178 0.764839 0.0125192 0.40747 -0.0752616 -1.19926 0.865522 0.0897115 -1.31467 -1.33135 0.591895 
1.53387 0.345999 0.766341 0.0292386 0.405931 -0.0952331 -1.20082 0.870753 0.0768811 -1.3232 -1.33174 0.594475 
1.53439 0.34482 0.767842 0.045958 0.404393 -0.115205 -1.20236 0.875877 0.0640649 -1.33177 -1.33207 0.597232 
1.53491 0.343641 0.769344 0.0626774 0.402854 -0.135176 -1.20389 0.880896 0.0512643 -1.3404 -1.33235 0.600163 
1.53543 0.342462 0.770845 0.0793969 0.401316 -0.155148 -1.20539 0.885814 0.0384801 -1.34909 -1.33259 0.603267 
1.53595 0.341282 0.772347 0.0961163 0.399777 -0.175119 -1.20687 0.890632 0.0257135 -1.35782 -1.33279 0.606543 
1.53647 0.340103 0.773848 0.112836 0.398238 -0.195091 -1.20834 0.895354 0.0129652 -1.3666 -1.33296 0.609988 
1.53699 0.338924 0.77535 0.129555 0.3967 -0.215062 -1.20978 0.899983 0.000235933 -1.37543 -1.3331 0.613601 
1.53751 0.337745 0.776851 0.146275 0.395161 -0.235034 -1.2112 0.904522 -0.0124736 -1.38431 -1.33322 0.617381 
1.53804 0.336566 0.778353 0.162994 0.393623 -0.255005 -1.2126 0.908973 -0.0251629 -1.39323 -1.33331 0.621325 
1.53856 0.335387 0.779854 0.179713 0.392084 -0.274977 -1.21397 0.913339 -0.0378314 -1.40219 -1.3334 0.625432 
1.53908 0.334207 0.781356 0.196433 0.390545 -0.294948 -1.21532 0.917617 -0.0504784 -1.41119 -1.33347 0.629706 
1.54101 0.347694 0.778146 0.184156 0.384311 -0.275939 -1.21443 0.924635 -0.0432962 -1.39833 -1.33605 0.618095 
1.54294 0.361182 0.774936 0.171879 0.378077 -0.25693 -1.21346 0.93193 -0.0366778 -1.3857 -1.33878 0.606798 
1.54488 0.374669 0.771727 0.159602 0.371843 -0.237921 -1.21244 0.939499 -0.0306142 -1.37329 -1.34163 0.595805 
1.54681 0.388156 0.768517 0.147325 0.365609 -0.218911 -1.21136 0.947334 -0.0250964 -1.36108 -1.3446 0.58511 
1.54874 0.401643 0.765307 0.135048 0.359375 -0.199902 -1.21022 0.955426 -0.0201161 -1.34909 -1.34767 0.574708 
1.55067 0.41513 0.762097 0.122771 0.353141 -0.180893 -1.20902 0.963769 -0.0156654 -1.33729 -1.35083 0.564593 
1.55261 0.428617 0.758888 0.110493 0.346907 -0.161883 -1.20777 0.972356 -0.0117372 -1.3257 -1.35408 0.55476 
1.55454 0.442104 0.755678 0.0982164 0.340673 -0.142874 -1.20645 0.98118 -0.00832467 -1.31429 -1.3574 0.545204 
1.55647 0.455591 0.752468 0.0859394 0.334439 -0.123865 -1.20508 0.990234 -0.0054216 -1.30307 -1.36078 0.535918 
1.5584 0.469078 0.749258 0.0736623 0.328205 -0.104856 -1.20365 0.999512 -0.00302222 -1.29203 -1.36422 0.526898 
1.56034 0.482565 0.746049 0.0613853 0.32197 -0.0858464 -1.20216 1.00901 -0.00112119 -1.28116 -1.3677 0.518139 
1.56227 0.496052 0.742839 0.0491082 0.315736 -0.0668371 -1.20061 1.01872 0.000286363 -1.27045 -1.37121 0.509635 
1.5642 0.509539 0.739629 0.0368312 0.309502 -0.0478278 -1.19901 1.02864 0.0012049 -1.25991 -1.37476 0.501382 
1.56613 0.523026 0.736419 0.0245541 0.303268 -0.0288186 -1.19735 1.03876 0.00163847 -1.24951 -1.37832 0.493374 
1.56807 0.536513 0.73321 0.0122771 0.297034 -0.00980928 -1.19563 1.04908 0.00159068 -1.23926 -1.3819 0.485607 
1.57 0.55 0.73 0 0.2908 0.0092 -1.19386 1.0596 0.00106656 -1.22915 -1.38548 0.478077 

